0
0
0
0
23
0
0
7
0
19
13
23
0
0
7
0
19
13
0
0
0
7
0
8
3
23
0
0
0
0
0
0
23
0
0
7
0
19
13
47
0
0
7
0
19
13
0
0
0
7
0
8
3
23
0
0
0
0
0
0
65
0
0
7
0
19
13
23
0
0
7
0
19
13
0
0
0
7
0
8
3
23
0
0
0
0
0
0
78
0
0
7
0
19
13
23
0
0
7
0
19
13
0
0
0
7
0
8
3
23
0
0
0
0
0
0
23
0
0
7
0
19
13
116
0
0
7
0
19
13
0
0
0
7
0
8
3
23
0
0
0
0
0
0
23
0
0
7
0
19
13
23
0
0
7
0
19
13
0
0
0
7
0
8
3
23
0
0
0
0
0
0
23
0
0
7
0
19
13
23
0
0
7
0
19
13
0
0
0
7
0
8
3
23
0
0
0
0
0
47
23
0
0
7
0
19
13
23
0
0
7
0
19
13
0
0
0
7
0
8
3
23
0
0
0
0
0
0
23
0
0
7
0
19
13
23
0
0
7
0
19
13
0
0
28
7
0
8
3
23
0
0
0
0
0
0
23
0
0
7
0
19
13
23
0
0
7
0
19
13
0
0
0
7
0
8
3
23
0
0
0
0
0
0
23
0
46
7
0
19
13
23
0
0
7
0
19
13
0
0
0
7
0
8
3
23
0
0
0
31
0
0
23
0
0
7
0
19
13
23
0
0
7
0
19
13
0
0
0
7
0
8
3
23
0
0
0
0
0
0
23
0
0
7
0
19
13
23
0
86
7
0
19
13
0
0
0
7
0
8
3
23
0
0
0
0
0
0
23
0
89
7
0
19
13
23
0
0
7
0
19
13
0
0
0
7
0
8
3
23
0
0
0
36
0
0
23
0
0
7
0
19
13
23
0
0
7
0
19
13
0
0
0
7
0
8
3
23
0
0
0
41
0
0
23
0
0
7
0
19
13
23
0
0
7
0
19
13
0
0
0
7
0
8
3
23
0
0
0
0
0
0
147
0
0
7
0
19
13
23
0
0
7
0
19
13
0
0
0
7
0
8
3
23
0
0
0
45
0
0
23
0
0
7
0
19
13
23
0
0
7
0
19
13
0
0
0
7
0
8
3
23
0
0
0
72
0
0
23
0
0
7
0
19
13
23
0
0
7
0
19
13
0
0
0
7
0
8
3
23
0
0
0
78
0
0
23
0
0
7
0
19
13
23
0
0
7
0
19
13
0
0
0
7
0
8
3
23
0
0
0
105
0
0
23
0
0
7
0
19
13
23
0
0
7
0
19
13
0
0
0
7
0
8
3
23
0
0
0
0
0
86
23
0
0
7
0
19
13
23
0
0
7
0
19
13
0
0
0
7
0
8
3
23
0
0
0
0
0
118
23
0
0
7
0
19
13
23
0
0
7
0
19
13
0
0
0
7
0
8
3
23
0
0
123
0
0
0
23
0
0
7
0
19
0
23
0
0
7
0
19
0
0
0
0
7
0
8
0
23
0
0
0
0
0
0
23
0
0
7
0
19
13
23
0
0
7
0
19
13
0
0
0
7
0
8
3
23
0
0
4
0
0
0
23
0
0
7
0
19
13
23
0
0
7
0
19
13
0
0
0
7
0
8
3
23
0
0
0
0
0
0
23
0
0
7
0
19
13
23
0
0
7
0
19
13
0
0
117
7
0
8
3
23
0
0
0
0
0
0
0
0
0
7
0
19
13
0
0
0
7
0
19
13
0
0
0
175
0
8
3
0
0
0
0
0
0
0
23
0
0
0
123
19
13
23
0
0
0
0
19
13
0
0
0
0
0
8
3
23
0
0
18
0
0
0
23
0
0
7
0
19
13
23
0
0
7
0
19
13
0
0
0
7
0
8
3
23
0
0
26
0
0
0
23
0
0
7
0
19
13
23
0
0
7
0
19
13
0
0
0
7
0
8
3
23
0
0
54
0
0
0
23
0
0
7
0
19
13
23
0
0
7
0
19
13
0
0
0
7
0
8
3
23
0
0
59
0
0
0
23
0
0
7
0
19
13
23
0
0
7
0
19
13
0
0
0
7
0
8
3
23
0
0
150
0
0
0
23
0
0
7
0
0
13
23
0
0
7
0
0
13
0
0
0
7
0
0
3
23
0
0
0
0
0
0
23
0
0
7
0
19
13
23
0
0
7
0
19
13
0
0
0
7
0
8
3
23
0
0
0
0
0
0
23
0
0
7
0
41
13
23
0
0
7
0
19
13
0
0
0
7
0
8
3
23
0
0
0
0
50
0
23
0
0
7
0
19
13
23
0
0
7
0
19
13
0
0
0
7
0
8
3
23
0
0
0
0
0
0
23
0
0
7
0
8
13
23
0
0
7
0
8
13
0
0
127
7
0
8
3
23
0
0
0
0
0
0
23
0
0
7
0
19
13
23
0
0
7
0
93
13
0
0
0
7
0
8
3
23
0
0
0
0
0
0
23
0
0
7
0
19
13
23
0
0
7
0
108
13
0
0
0
7
0
8
3
23
0
0
0
0
0
0
23
0
0
7
0
146
13
23
0
0
7
0
19
13
0
0
0
7
0
8
3
23
0
0
0
0
0
0
23
0
0
7
0
19
13
23
0
0
7
0
19
13
0
0
0
7
0
8
3
23
0
0
0
0
0
0
23
0
0
7
0
19
3
23
126
0
7
0
19
3
0
0
0
7
0
8
3
23
0
0
0
0
0
0
23
0
0
7
0
19
13
23
0
0
7
0
19
13
0
4
0
7
0
8
3
23
0
0
0
0
0
0
23
0
0
7
0
19
13
23
0
0
7
0
19
13
0
33
0
7
0
8
3
23
0
0
0
0
0
0
23
42
0
7
0
19
13
23
0
0
7
0
19
13
0
0
0
7
0
8
3
23
0
0
0
0
0
0
23
0
0
7
0
19
13
23
67
0
7
0
19
13
0
0
0
7
0
8
3
23
0
0
0
0
0
0
23
0
0
7
0
19
13
23
0
0
7
0
19
13
0
0
0
7
0
8
3
23
72
0
0
0
0
0
23
107
0
7
0
19
13
23
0
0
7
0
19
13
0
0
0
7
0
8
3
23
0
0
0
0
0
0
23
0
0
96
0
19
13
23
0
0
7
0
19
13
0
0
0
7
0
8
3
23
0
0
