9
24
0
71
0
72
0
23
9
24
0
71
24
72
1
0
9
0
0
0
24
72
1
23
0
24
0
71
24
0
1
23
9
24
0
71
0
72
0
23
9
24
0
71
24
72
1
0
9
0
0
0
24
72
1
23
0
24
0
71
24
0
1
23
9
24
0
71
0
72
0
23
9
24
0
71
24
72
1
0
9
0
0
0
24
72
1
23
0
24
0
71
64
0
1
23
9
24
0
71
0
72
82
23
9
24
0
71
24
72
1
0
9
0
0
0
24
72
1
23
0
24
0
71
24
0
1
23
9
24
0
71
0
72
0
23
9
24
0
71
24
72
1
0
9
0
0
0
24
72
1
23
0
24
0
71
24
0
1
23
9
24
0
71
0
72
0
23
9
24
0
71
24
72
1
0
9
0
0
0
24
72
1
23
0
24
0
71
24
0
1
23
9
24
0
71
0
72
0
23
9
24
0
71
24
72
1
0
9
0
0
0
24
72
1
23
0
24
26
71
24
0
1
23
9
24
0
71
83
72
0
23
9
24
0
71
24
72
1
0
9
0
0
0
24
72
1
23
0
24
0
71
24
0
1
23
9
24
0
71
0
72
0
23
9
24
0
71
24
72
1
0
9
0
0
0
24
72
1
23
0
24
0
71
24
0
1
23
9
24
31
71
0
72
0
23
9
24
0
71
24
72
1
0
9
0
0
0
24
72
1
23
0
24
0
71
24
0
1
23
12
24
0
71
0
72
0
23
9
24
0
71
24
72
1
0
9
0
0
0
24
72
1
23
0
24
0
71
24
0
1
23
9
24
0
71
0
72
0
23
47
24
0
71
24
72
1
0
9
0
0
0
24
72
1
23
0
24
0
71
24
0
1
23
9
24
0
71
0
72
0
23
9
24
0
71
24
72
1
0
9
0
0
0
24
72
1
23
0
24
0
71
24
0
1
23
9
24
0
71
0
72
0
23
9
24
0
71
24
72
1
0
9
0
0
0
24
72
1
97
0
24
0
71
24
0
1
23
9
24
0
71
0
72
0
23
9
24
0
71
24
72
1
0
9
0
0
0
24
72
1
23
0
24
60
71
24
0
1
23
9
24
0
71
0
72
0
23
9
24
0
71
24
72
1
0
9
0
0
0
24
72
1
23
0
24
0
71
24
0
1
23
81
24
0
71
0
72
0
23
9
24
0
71
24
72
1
0
9
0
0
0
24
72
1
23
0
24
0
71
24
0
1
23
9
24
0
71
0
72
0
23
9
24
0
71
24
72
1
0
9
0
0
29
24
72
1
23
0
24
0
71
24
0
1
23
9
24
0
71
0
72
0
108
9
24
0
71
24
72
1
0
9
0
0
0
24
72
1
23
0
24
0
71
24
0
1
23
9
24
0
71
0
72
0
23
89
24
0
71
24
72
1
0
9
0
0
0
24
72
1
23
0
24
0
71
24
0
1
23
9
24
0
71
0
72
0
23
9
24
0
71
24
72
1
0
9
0
0
0
24
72
1
23
0
24
0
71
24
14
1
23
0
24
431
71
0
72
0
23
0
24
0
71
24
72
1
0
0
0
0
0
24
72
1
23
0
24
0
71
24
0
1
23
9
24
0
71
0
90
0
23
9
24
0
71
24
72
1
0
9
0
0
0
24
72
1
23
0
24
0
71
24
0
1
23
9
24
0
71
0
72
0
23
9
24
0
71
24
72
1
0
9
0
0
0
24
72
1
23
83
24
0
71
24
0
1
23
9
24
0
71
0
156
0
23
9
24
0
71
24
72
1
0
9
0
0
0
24
72
1
23
0
24
0
71
24
0
1
23
165
24
0
71
0
72
0
23
9
24
0
71
24
72
1
0
9
0
0
0
24
72
1
23
0
24
0
71
24
0
1
23
246
24
0
71
0
72
0
23
9
24
0
71
24
72
1
0
9
0
0
0
24
72
1
23
0
24
0
71
24
0
1
23
9
24
0
71
0
72
87
23
9
24
0
71
24
72
1
0
9
0
0
0
24
72
1
23
0
24
0
71
24
0
1
23
9
24
0
119
0
72
0
23
9
24
0
71
24
72
1
0
9
0
0
0
24
72
1
23
0
24
0
71
24
0
1
23
9
24
0
71
0
72
0
173
9
24
0
71
24
72
1
0
9
0
0
0
24
72
1
23
0
24
0
71
24
0
1
23
9
24
0
71
0
72
0
23
9
24
0
71
24
180
1
0
9
0
0
0
24
72
1
23
0
24
0
71
24
0
1
23
9
24
0
71
0
72
150
23
9
24
0
71
24
72
1
0
9
0
0
0
24
72
1
23
0
24
0
71
24
0
1
23
9
24
0
71
0
72
0
23
9
24
0
71
24
72
1
0
9
0
0
0
24
72
1
23
0
24
0
71
24
184
1
23
9
24
0
494
0
72
0
23
9
24
0
71
24
72
0
0
9
0
0
0
24
72
0
23
0
24
0
71
24
0
0
23
9
24
0
180
0
72
0
23
9
24
0
71
24
72
1
0
9
0
0
0
24
72
1
23
0
24
0
71
24
0
1
23
9
24
0
71
140
72
0
23
9
24
0
71
24
72
1
0
9
0
0
0
24
72
1
23
0
24
0
71
24
0
1
23
9
24
0
71
445
72
0
0
9
24
0
71
24
72
1
0
9
0
0
0
24
72
1
0
0
24
0
71
24
0
1
0
9
24
0
71
0
72
0
238
9
24
0
71
24
72
1
0
9
0
0
0
24
72
1
23
0
24
0
71
24
0
1
23
9
24
0
71
0
72
0
264
9
24
0
71
24
72
1
0
9
0
0
0
24
72
1
23
0
24
0
71
24
0
1
23
9
24
0
71
0
72
0
23
9
24
0
71
24
72
205
0
9
0
0
0
24
72
1
23
0
24
0
71
24
0
1
23
9
24
0
71
0
72
0
23
9
24
0
71
24
72
1
0
9
0
0
0
24
72
292
23
0
24
0
71
24
0
1
23
9
24
135
71
0
72
0
23
9
24
0
71
24
72
1
0
9
0
0
0
24
72
1
23
0
24
0
71
24
0
1
23
9
24
0
71
0
72
0
279
9
24
0
71
24
72
1
0
9
0
0
0
24
72
1
23
0
24
0
71
24
0
1
23
9
24
0
71
0
257
0
23
9
24
0
71
24
72
1
0
9
0
0
0
24
72
1
23
0
24
0
71
24
0
1
23
9
24
145
71
0
72
0
23
9
24
0
71
24
72
1
0
9
0
0
0
24
72
1
23
0
24
0
71
24
0
1
23
9
24
0
71
0
72
336
23
9
24
0
71
24
72
1
0
9
0
0
0
24
72
1
23
0
24
0
71
24
0
1
23
9
24
226
71
0
72
0
23
9
24
0
71
24
72
1
0
9
0
0
0
24
72
1
23
0
24
0
71
24
0
1
23
9
24
273
71
0
72
0
23
9
24
0
71
24
72
1
0
9
0
0
0
24
72
1
23
0
24
0
71
24
0
1
23
9
24
0
71
0
72
0
23
9
24
292
71
24
72
1
0
9
0
0
0
24
72
1
23
0
24
0
71
24
0
1
23
9
24
303
71
0
72
0
23
9
24
0
71
24
72
1
0
9
0
0
0
24
72
1
23
0
24
0
71
24
0
1
23
9
24
0
71
0
72
341
23
9
24
0
71
24
72
1
0
9
0
0
0
24
72
1
23
0
24
0
71
24
0
1
23
9
24
0
71
0
72
0
23
9
24
0
71
24
72
1
0
9
0
0
0
24
72
1
23
285
24
0
71
24
0
1
23
9
24
0
0
493
72
0
23
9
24
0
0
24
72
1
0
9
0
0
0
24
72
1
23
0
24
0
0
24
0
1
23
455
24
0
71
0
72
0
23
9
24
0
71
0
72
1
0
9
0
0
0
0
72
1
23
0
24
0
71
0
0
1
23
9
24
0
248
0
72
0
23
9
24
0
71
24
72
1
0
9
0
0
0
24
72
1
23
0
24
0
71
24
0
1
23
9
24
0
71
0
72
0
23
9
24
0
288
24
72
1
0
9
0
0
0
24
72
1
23
0
24
0
71
24
0
1
23
9
24
0
71
0
72
0
23
9
24
0
71
24
72
1
0
9
0
0
0
201
72
1
23
0
24
0
71
24
0
1
23
9
24
0
71
198
72
0
23
9
24
0
71
24
72
1
0
9
0
0
0
24
72
1
23
0
24
0
71
24
0
1
23
9
24
0
71
241
72
0
23
9
24
0
71
24
72
1
0
9
0
0
0
24
72
1
23
0
24
0
71
24
0
1
23
9
24
0
71
0
72
0
23
9
24
0
71
24
72
1
0
9
0
0
0
24
72
1
23
0
24
0
71
295
0
1
23
9
24
0
377
0
72
0
23
9
24
0
71
24
72
1
0
9
0
0
0
24
72
1
23
0
24
0
71
24
0
1
23
9
24
0
71
0
72
0
23
9
24
0
71
24
72
1
0
9
0
0
0
24
72
1
23
0
24
0
71
24
0
1
323
9
24
0
71
0
72
0
23
9
24
0
71
24
72
1
0
9
0
0
0
307
72
1
23
0
24
0
71
24
0
1
23
9
24
0
71
0
309
0
23
9
24
0
71
24
72
1
0
9
0
0
0
24
72
1
23
0
24
0
71
24
0
1
23
9
24
0
71
0
72
0
23
9
24
0
71
24
72
1
0
9
0
0
0
322
72
1
23
0
24
0
71
24
0
1
23
9
24
0
71
0
348
0
23
9
24
0
71
24
72
1
0
9
0
0
0
24
72
1
23
0
24
0
71
24
0
1
23
9
24
0
71
0
72
0
23
327
24
0
71
24
72
1
0
9
0
0
0
24
72
1
23
0
24
0
71
24
0
1
23
9
24
0
71
0
72
0
23
9
24
0
71
24
72
1
0
9
0
0
0
24
72
1
375
0
24
0
71
24
0
1
23
9
24
0
71
325
72
0
23
9
24
0
71
24
72
1
0
9
0
0
0
24
72
1
23
0
24
0
71
24
0
1
23
379
24
0
71
0
72
0
23
9
24
0
71
24
72
1
0
9
0
0
0
24
72
1
23
0
24
0
71
24
0
1
23
9
24
0
71
0
0
0
23
9
24
0
71
24
0
1
0
9
0
0
0
24
0
1
23
510
24
0
71
24
0
1
23
9
24
0
71
0
357
0
23
9
24
0
71
24
72
1
0
9
0
0
0
24
72
1
23
0
24
0
71
24
0
1
23
9
24
371
71
0
72
0
23
9
24
0
71
24
72
1
0
9
0
0
0
24
72
1
23
0
24
0
71
24
0
1
23
9
24
395
71
0
72
0
23
9
24
0
71
24
72
1
0
9
0
0
0
24
72
1
23
0
24
0
71
24
0
1
23
9
24
0
71
0
72
0
429
9
24
0
71
24
72
1
0
9
0
0
0
24
72
1
23
0
24
0
71
24
0
1
23
9
24
0
71
0
72
0
23
386
24
0
71
24
72
1
0
9
0
0
0
24
72
1
23
0
24
0
71
24
0
1
23
9
24
0
71
0
72
0
23
9
24
0
71
24
72
1
0
9
0
0
0
24
72
1
23
0
24
0
71
24
0
1
23
9
24
0
71
0
72
0
23
9
24
0
71
24
398
1
0
9
0
0
0
24
72
1
23
0
24
0
71
24
0
1
23
9
24
0
71
0
72
0
488
9
24
0
71
24
72
1
0
9
0
0
0
24
72
1
23
0
24
0
71
24
0
1
23
9
24
0
71
0
72
0
23
9
91
0
71
24
72
1
0
9
0
0
0
24
72
1
23
0
24
0
71
24
0
1
23
9
24
0
71
0
72
0
23
9
162
0
71
24
72
1
0
9
0
0
0
24
72
1
23
0
24
0
71
24
0
1
23
9
24
0
401
0
72
0
23
9
24
0
71
24
72
1
0
9
0
0
0
24
72
1
23
0
24
0
71
24
0
1
23
9
24
0
71
0
72
0
23
9
24
0
71
24
72
1
0
9
0
0
0
24
72
385
23
0
24
0
71
24
0
1
23
9
24
0
71
0
72
0
23
9
24
0
71
24
72
1
0
9
0
0
0
24
72
1
23
0
24
0
71
24
412
1
23
9
24
0
71
330
72
0
23
9
24
0
71
24
72
1
0
9
0
0
0
24
72
1
23
0
24
0
71
24
0
1
23
9
24
0
71
0
72
438
23
9
24
0
71
24
72
1
0
9
0
0
0
24
72
1
23
0
24
0
71
24
0
1
23
9
224
0
71
0
72
0
23
9
24
0
71
24
72
1
0
9
0
0
0
24
72
1
23
0
24
0
71
24
0
1
23
9
302
0
71
0
72
0
23
9
24
0
71
24
72
1
0
9
0
0
0
24
72
1
23
0
24
0
71
24
0
1
23
9
305
0
71
0
72
0
23
9
24
0
71
24
72
1
0
9
0
0
0
24
72
1
23
0
24
0
71
24
0
1
23
9
24
0
71
393
72
0
23
9
24
0
71
24
72
1
0
9
0
0
0
24
72
1
23
0
24
0
71
24
0
1
23
9
24
0
71
0
72
0
23
9
24
0
71
24
72
1
0
9
0
0
0
24
72
1
23
421
24
0
71
24
0
1
23
9
24
0
71
0
72
0
23
9
24
0
71
24
72
1
0
9
335
0
0
24
72
1
23
0
24
0
71
24
0
1
23
9
24
0
71
0
72
0
23
9
24
0
71
24
72
1
0
9
0
0
0
24
72
1
23
0
407
0
71
24
0
1
23
9
469
0
71
0
72
0
23
9
24
0
71
24
72
1
0
9
0
0
0
24
72
1
23
0
24
0
71
24
0
1
23
9
24
0
71
0
72
0
23
9
24
0
71
24
72
1
0
9
472
0
0
24
72
1
23
0
24
0
71
24
0
1
23
9
24
0
71
0
72
0
23
9
24
0
71
24
496
1
0
9
0
0
0
24
72
1
23
0
24
0
71
24
0
1
23
9
0
0
71
0
72
0
23
9
0
0
71
496
72
1
0
9
0
0
0
24
72
1
23
0
0
0
71
24
0
1
23
