0
2
0
0
1
0
0
0
0
1
0
2
0
0
29
0
30
0
0
0
2
0
0
0
0
2
2
0
0
0
0
2
0
0
1
2
0
0
0
1
2
2
0
0
0
0
2
0
0
1
2
0
0
0
1
2
2
0
0
0
0
39
0
0
1
2
0
0
0
1
2
2
0
0
0
0
2
0
0
1
2
0
0
0
1
2
2
0
0
0
0
2
0
0
1
2
0
0
0
1
2
2
0
0
0
0
2
0
0
1
22
0
0
0
1
2
2
0
0
0
0
2
0
0
4
2
0
0
0
1
2
2
0
0
0
0
0
0
29
1
2
0
0
0
1
2
0
0
0
0
0
2
32
0
1
2
0
0
0
1
2
2
0
0
0
0
2
0
0
1
2
0
0
0
1
2
2
0
0
0
0
2
0
0
1
24
0
0
0
1
2
2
0
0
0
