0
2
3
0
0
0
0
3
2
3
6
0
0
0
3
0
3
6
0
0
0
3
2
0
6
0
0
0
0
2
3
0
0
0
0
3
2
3
6
0
0
0
3
0
3
6
0
0
0
3
2
0
6
0
0
0
0
2
3
0
0
0
0
3
2
3
6
0
0
0
3
0
3
6
0
0
0
3
2
0
6
0
9
0
0
2
3
9
0
0
0
3
2
3
6
0
0
0
3
0
3
6
0
0
0
3
2
0
6
0
0
0
0
2
3
17
0
0
0
3
2
3
6
0
0
0
3
0
3
6
0
0
0
3
2
0
6
0
0
0
0
2
3
20
0
0
0
3
2
3
6
0
0
0
3
0
3
6
0
0
0
3
2
0
6
0
0
0
52
2
3
0
0
0
0
3
2
3
0
0
0
0
3
0
3
0
0
0
0
3
2
0
0
0
0
0
0
2
3
0
0
0
0
3
2
3
6
0
0
0
3
0
3
6
0
0
0
3
2
0
6
0
0
0
0
2
3
0
0
0
0
3
2
3
6
0
0
0
3
0
3
6
0
0
8
3
2
0
6
0
0
0
0
2
3
0
0
0
0
3
2
3
6
0
0
0
3
0
3
6
0
0
0
3
2
0
6
0
0
11
0
2
3
0
0
16
0
3
2
3
6
0
0
0
3
0
3
6
0
0
0
3
2
0
6
0
0
0
0
2
3
0
0
26
0
3
2
3
6
0
0
0
3
0
3
6
0
0
0
3
2
0
6
0
0
0
0
2
3
0
0
0
0
3
2
3
6
0
0
13
3
0
3
6
0
0
0
3
2
0
6
0
0
0
0
2
3
0
0
0
18
3
2
3
6
0
0
0
3
0
3
6
0
0
0
3
2
0
6
0
0
0
0
2
3
0
0
0
0
3
2
3
6
0
0
0
3
0
3
6
0
0
19
3
2
0
6
0
0
0
0
2
3
0
0
29
0
3
2
3
6
0
0
0
3
0
3
6
0
0
0
3
2
0
6
0
0
0
0
2
3
0
0
34
0
3
2
3
6
0
0
0
3
0
3
6
0
0
0
3
2
0
6
0
0
0
0
2
3
0
0
0
0
3
2
3
6
0
0
0
3
0
3
6
0
0
0
3
2
0
6
0
0
20
0
2
3
0
0
0
0
3
2
3
6
0
0
0
3
0
3
6
0
0
0
3
2
0
6
0
0
0
0
2
3
0
0
0
0
3
2
3
6
0
0
0
3
0
3
6
0
0
0
6
2
0
6
0
0
0
0
2
3
0
0
0
0
3
2
3
6
0
0
0
3
0
3
6
0
0
0
3
2
0
6
0
0
21
0
2
3
0
0
0
31
3
2
3
6
0
0
0
3
0
3
6
0
0
0
3
2
0
6
0
0
0
5
2
3
0
0
0
0
3
2
3
6
0
0
0
3
0
3
6
0
0
0
3
2
0
6
0
0
0
0
2
3
0
0
0
36
3
2
3
6
0
0
0
3
0
3
6
0
0
0
3
2
0
6
0
0
0
9
2
3
0
0
0
0
3
2
3
6
0
0
0
3
0
3
6
0
0
0
3
2
0
6
0
0
0
16
2
3
0
0
0
0
3
2
3
6
0
0
0
3
0
3
6
0
0
0
3
2
0
6
0
0
0
0
2
3
0
0
0
0
3
2
3
6
0
0
0
3
0
3
6
0
0
0
28
2
0
6
0
0
0
0
2
3
0
0
0
0
3
2
3
6
0
0
0
3
0
3
6
0
0
0
3
2
0
6
0
37
0
0
2
3
0
0
0
0
3
2
3
6
0
0
0
3
0
3
6
0
0
0
37
2
0
6
0
0
0
0
2
3
0
0
0
42
3
2
3
6
0
0
0
3
0
3
6
0
0
0
3
2
0
6
0
0
0
0
2
0
0
0
0
0
3
2
0
6
0
0
0
3
0
0
55
0
0
0
3
2
0
6
0
0
0
0
2
3
0
0
47
0
3
2
3
6
0
0
0
3
0
3
6
0
0
0
3
2
0
6
0
0
0
0
2
3
0
0
0
0
3
2
3
6
0
0
0
3
0
3
6
0
0
0
3
2
0
6
0
0
0
0
2
3
0
0
0
0
0
2
3
6
0
0
0
0
0
3
6
0
0
0
0
2
0
6
0
0
49
0
2
13
0
0
0
0
3
2
3
6
0
0
0
3
0
3
6
0
0
0
3
2
0
6
0
0
0
0
2
19
0
0
0
0
3
2
3
6
0
0
0
3
0
3
6
0
0
0
3
2
0
6
0
0
0
0
2
3
0
0
0
0
3
2
3
6
0
0
0
44
0
3
6
0
0
0
3
2
0
6
0
0
0
0
2
3
0
0
0
43
3
2
3
6
0
0
0
3
0
3
6
0
0
0
3
2
0
6
0
0
0
0
2
3
0
0
0
0
3
2
3
6
0
0
0
3
0
3
6
0
0
0
48
2
0
6
0
0
0
0
2
3
0
0
0
0
3
2
3
34
0
0
0
3
0
3
6
0
0
0
3
2
0
6
0
0
0
0
2
3
0
0
0
0
3
2
3
6
0
0
0
3
0
3
6
0
0
0
3
2
0
6
0
0
0
0
2
3
0
0
0
0
3
2
3
6
0
0
45
3
0
3
6
0
0
0
3
2
0
6
0
0
0
0
2
3
0
0
0
0
3
2
3
6
0
0
0
3
0
3
6
0
0
0
3
2
0
39
0
0
0
0
2
3
37
0
0
0
3
2
3
6
0
0
0
3
0
3
6
0
0
0
3
2
0
6
0
0
0
0
2
3
0
0
0
0
3
2
3
6
0
0
0
3
0
3
6
0
0
0
3
2
0
6
9
0
0
0
2
25
0
0
0
0
3
2
3
6
0
0
0
3
0
3
6
0
0
0
3
2
0
6
0
0
0
0
2
28
0
0
0
0
3
2
3
6
0
0
0
3
0
3
6
0
0
0
3
2
0
6
0
0
0
0
2
3
0
0
0
46
3
2
3
6
0
0
0
3
0
3
6
0
0
0
3
2
0
6
0
0
0
0
2
3
0
18
0
0
3
2
3
6
0
0
0
3
0
3
6
0
0
0
3
2
0
6
0
0
0
0
2
3
0
20
0
0
3
2
3
6
0
0
0
3
0
3
6
0
0
0
3
2
0
6
0
0
0
0
2
3
0
0
0
0
3
2
3
6
26
0
0
3
0
3
6
0
0
0
3
2
0
6
0
0
0
0
2
3
0
0
0
0
3
2
3
6
0
0
0
3
0
3
6
32
0
0
3
2
0
6
0
0
0
0
2
3
0
0
0
0
3
2
3
6
0
0
47
3
0
3
6
0
0
0
3
2
0
6
0
0
0
0
2
3
0
0
0
0
3
2
3
6
0
0
0
3
0
3
6
0
0
0
3
2
35
6
0
0
0
0
2
3
0
41
0
0
3
2
3
6
0
0
0
3
0
3
6
0
0
0
3
2
0
6
0
0
0
0
2
3
0
0
0
0
3
2
3
6
48
0
0
3
0
3
6
0
0
0
3
2
0
6
0
0
0
0
2
3
0
0
0
0
3
2
3
6
0
0
0
3
0
3
6
0
0
0
3
2
0
6
0
0
0
0
2
3
0
0
0
0
3
2
3
6
0
0
0
3
9
3
6
0
0
0
3
2
0
6
0
0
0
0
2
3
0
0
0
0
3
20
3
6
0
0
0
3
0
3
6
0
0
0
3
2
0
6
0
0
0
0
2
3
0
0
0
0
3
28
3
6
0
0
0
3
0
3
6
0
0
0
3
2
0
6
0
0
0
0
0
51
0
0
0
0
3
0
3
6
0
0
0
3
0
3
6
0
0
0
3
0
0
6
0
0
0
0
2
3
0
0
0
0
3
2
3
6
0
0
0
3
28
3
6
0
0
0
3
2
0
6
0
0
0
0
2
41
0
0
0
0
3
2
3
6
0
0
0
3
0
3
6
0
0
0
3
2
0
6
0
0
0
0
2
3
0
0
0
0
3
2
3
6
0
0
0
3
31
3
6
0
0
0
3
2
0
6
0
0
0
0
2
3
0
0
0
0
3
2
3
6
0
0
0
3
35
3
6
0
0
0
3
2
0
6
0
0
0
0
2
3
0
0
0
0
3
2
3
6
0
0
0
3
43
3
6
0
0
0
3
2
0
6
0
0
0
0
2
3
40
0
0
0
3
2
3
6
0
0
0
3
0
3
6
0
0
0
3
2
0
6
0
0
0
