0
33
15
0
0
0
8
0
0
0
0
108
8
33
15
0
0
0
0
33
15
0
0
0
8
0
0
0
30
0
8
33
15
0
30
0
0
33
15
0
0
0
8
0
0
0
30
0
8
33
15
0
30
0
0
33
15
0
39
0
8
0
0
0
30
0
8
33
15
0
30
0
0
33
15
0
0
8
8
0
0
0
30
0
8
33
15
0
30
0
0
33
15
0
0
16
8
0
0
0
30
0
8
33
15
0
30
0
0
33
15
0
77
0
8
0
0
0
30
0
8
33
15
0
30
0
0
33
15
0
78
0
8
0
0
0
30
0
8
33
15
0
30
0
0
33
15
0
85
0
8
0
0
0
30
0
8
33
15
0
30
0
0
33
15
0
0
0
0
0
0
0
30
0
0
33
15
86
30
0
0
33
15
0
0
0
8
0
0
0
30
0
8
33
15
0
30
0
0
33
15
0
0
38
8
0
0
0
30
0
8
33
15
0
30
0
0
33
15
0
0
0
12
0
0
0
30
0
8
33
15
0
30
0
0
33
15
0
86
0
8
0
0
0
30
0
8
33
15
0
30
0
32
33
15
0
0
0
8
0
0
0
30
0
8
33
15
0
30
0
43
33
15
0
0
0
8
0
0
0
30
0
8
33
15
0
30
0
52
33
15
0
0
0
8
0
0
0
30
0
8
33
15
0
30
0
0
33
15
0
0
0
8
0
0
0
30
0
67
33
15
0
30
0
93
33
0
0
0
0
8
0
0
0
30
0
8
33
0
0
30
0
0
33
15
0
0
0
8
0
0
0
30
0
8
33
15
0
30
0
0
33
15
0
0
0
69
0
0
0
30
0
8
33
15
0
30
0
0
33
35
0
0
0
8
0
0
0
30
0
8
33
15
0
30
0
0
33
15
0
0
0
8
0
0
0
30
0
77
33
15
0
30
0
0
33
67
0
0
0
8
0
0
0
30
0
8
33
15
0
30
0
0
33
15
0
0
54
8
0
0
0
30
0
8
33
15
0
30
0
0
0
15
0
0
0
8
0
0
0
30
0
8
0
126
0
30
0
0
33
15
0
0
78
8
0
0
0
30
0
8
33
15
0
30
0
0
33
15
0
0
0
8
0
0
0
30
0
8
33
15
0
30
0
0
33
15
18
0
0
8
0
0
0
30
0
8
33
15
0
30
0
0
33
15
34
0
0
8
0
0
0
30
0
8
33
15
0
30
0
0
33
15
0
0
0
8
0
56
0
30
0
8
33
15
0
30
0
0
33
15
0
0
0
8
0
0
0
30
0
8
33
15
0
30
0
0
43
15
0
0
0
8
0
0
0
30
0
8
33
15
0
30
0
0
63
15
0
0
0
8
0
0
0
30
0
8
33
15
0
30
0
0
97
15
0
0
0
8
0
0
0
30
0
8
33
15
0
30
0
0
33
15
71
0
0
8
0
0
0
30
0
8
33
15
0
30
0
0
33
88
0
0
0
8
0
0
0
30
0
8
33
15
0
30
0
0
33
15
0
0
0
8
0
0
74
30
0
8
33
15
0
30
0
0
33
15
0
0
0
8
79
0
0
30
0
8
33
15
0
30
0
