6
0
10
0
16
0
200
0
192
0
187
0
183
0
182
0
173
0
170
0
162
0
159
0
158
0
148
0
140
0
133
0
129
0
128
0
123
0
0
6
119
0
111
0
105
0
102
0
99
0
91
0
82
0
76
0
0
11
0
47
0
40
0
36
0
30
0
25
0
19
0
51
0
148
5
0
0
141
0
138
0
131
0
126
0
119
0
117
0
111
4
0
0
103
0
98
0
93
0
91
0
87
0
84
0
81
0
78
0
74
0
69
0
65
0
62
0
60
0
149
0
204
0
199
0
192
0
190
0
187
0
179
0
171
0
161
0
159
0
0
74
0
65
0
56
0
46
0
44
0
37
0
36
0
26
0
209
0
