0
0
0
4
0
10
0
20
0
29
0
37
0
42
0
46
0
47
0
56
0
59
0
67
0
70
0
71
0
81
0
89
0
96
0
100
0
101
0
106
0
111
0
115
0
123
0
129
0
132
0
135
0
143
0
152
0
158
0
166
0
170
0
177
0
181
0
187
0
192
0
198
0
207
0
208
0
209
0
0
3
0
10
0
15
0
22
0
24
0
0
209
30
0
38
0
43
0
48
0
50
0
54
0
57
0
60
0
63
0
67
0
72
0
76
0
79
0
81
0
91
0
100
0
105
0
112
0
114
0
117
0
125
0
133
0
143
0
145
0
149
0
151
0
160
0
169
0
179
0
181
0
0
210
188
0
198
0
