0
0
0
0
0
0
0
10
0
16
1
35
0
28
65
0
16
1
35
0
28
65
0
16
1
35
0
28
0
0
0
0
0
0
0
10
0
101
1
35
0
0
65
0
16
1
35
0
0
65
0
16
1
35
0
0
0
0
0
0
0
67
0
0
0
16
1
35
0
28
0
0
16
1
35
0
28
0
0
16
1
35
0
28
0
0
0
0
0
0
0
10
0
16
1
35
0
28
65
0
16
1
35
0
28
65
0
16
1
35
0
28
0
0
0
0
0
0
0
30
0
16
1
35
0
28
65
0
16
1
35
0
28
65
0
16
1
35
0
28
0
0
0
0
0
0
0
10
0
16
1
35
0
28
65
0
16
1
35
0
28
65
0
16
1
35
0
28
0
0
0
0
0
0
0
10
0
16
1
35
0
28
65
0
16
1
35
0
28
65
0
16
1
35
0
28
0
0
0
0
0
0
0
10
0
16
1
35
0
28
10
0
16
1
35
0
28
10
177
16
1
35
0
28
0
0
0
73
0
0
0
10
0
0
1
35
0
28
65
0
0
1
35
0
28
65
0
0
1
35
0
28
0
0
0
0
0
0
0
10
0
16
1
35
0
28
65
0
16
4
35
0
28
65
0
16
1
35
0
28
0
0
0
0
0
18
0
10
0
16
1
35
0
28
65
0
16
1
35
0
28
65
0
16
1
35
0
28
0
0
0
0
0
0
12
10
0
16
1
35
0
28
65
0
16
1
35
0
28
65
0
16
1
35
0
28
0
0
0
0
0
0
92
10
0
16
1
0
0
28
65
0
16
1
0
0
28
65
0
16
1
0
0
28
0
0
0
0
0
0
0
10
0
16
1
35
0
28
65
0
16
1
35
0
28
65
0
16
1
35
0
28
0
0
0
0
3
0
0
10
0
16
1
35
0
28
65
0
16
1
35
0
28
65
0
16
1
35
0
28
0
0
0
0
0
0
0
10
58
16
0
35
0
28
65
0
16
0
35
0
28
65
0
16
0
35
0
28
0
0
0
0
0
0
0
10
0
16
1
35
0
28
65
0
16
1
35
0
28
65
0
16
1
35
0
28
0
15
0
0
0
0
0
10
0
16
1
35
0
28
65
0
16
1
35
0
28
65
0
16
1
35
0
28
0
0
0
0
0
0
0
10
0
16
1
35
0
28
65
0
16
1
35
0
28
65
0
16
1
35
0
28
0
0
0
25
0
0
0
10
0
16
1
35
0
28
65
0
16
1
35
0
28
65
0
16
1
35
0
28
0
0
0
47
0
0
0
10
0
16
1
35
0
28
65
0
16
1
35
0
28
65
0
16
1
35
0
28
0
0
0
0
0
0
0
10
0
16
1
90
0
28
65
0
16
1
35
0
28
65
0
16
1
35
0
28
0
0
0
0
0
0
79
10
0
16
1
35
0
28
65
0
16
1
35
0
28
65
0
16
1
35
0
28
