0
18
4
23
0
12
0
0
10
18
0
0
0
0
0
0
10
18
4
23
0
12
0
189
10
0
4
23
0
12
0
0
0
18
4
23
0
12
10
0
10
18
0
0
0
0
10
0
10
18
4
23
0
12
10
0
10
0
4
23
0
12
0
0
0
18
4
23
0
12
10
0
10
18
0
0
0
0
10
0
10
18
4
23
0
12
10
0
10
0
4
23
0
12
0
0
0
18
4
23
0
12
10
0
10
18
0
0
0
0
10
0
10
18
4
23
0
12
10
0
10
0
4
23
0
12
0
0
0
18
4
23
0
12
47
0
10
18
0
0
0
0
10
0
10
18
4
23
0
12
10
0
10
0
4
23
0
12
0
0
0
18
4
23
0
12
10
1
10
18
0
0
0
0
10
0
10
18
4
23
0
12
10
0
10
0
4
23
0
12
0
0
0
18
4
23
0
12
10
0
10
18
0
0
0
0
10
0
10
18
4
23
0
12
10
0
10
0
4
23
0
12
48
0
0
18
4
23
0
12
10
0
10
18
0
0
0
0
88
0
10
18
4
23
0
12
10
0
10
0
4
23
0
12
0
0
0
18
4
23
0
12
10
0
10
18
0
0
0
0
10
3
10
18
4
23
0
12
10
0
10
0
4
23
0
12
0
0
0
18
4
23
0
12
10
0
10
18
0
0
0
0
10
0
10
18
4
23
0
12
10
0
10
0
4
23
0
12
0
0
0
18
4
23
0
12
10
0
10
18
0
0
0
0
10
0
10
18
4
23
0
12
10
0
10
0
4
23
0
12
0
15
0
18
4
23
0
12
10
0
10
18
0
0
0
0
10
0
10
18
4
23
0
12
10
0
10
0
4
23
0
12
0
16
0
18
4
23
0
12
10
0
10
18
0
0
0
0
10
0
10
18
4
23
0
12
10
0
10
0
4
23
0
12
80
0
0
18
4
23
0
12
10
0
10
18
0
0
0
0
10
0
10
18
4
23
0
12
10
0
10
0
4
23
0
23
0
0
0
18
4
23
0
12
10
0
10
18
0
0
0
0
10
0
10
18
4
23
0
12
10
0
10
0
4
23
0
12
0
35
0
18
4
23
0
12
10
0
10
18
0
0
0
0
10
0
46
18
4
23
0
12
10
0
10
0
4
23
0
12
0
0
48
18
4
23
0
12
10
0
10
18
0
0
0
0
10
0
10
18
4
23
0
12
10
0
10
0
4
23
0
12
0
0
0
18
4
23
0
12
10
59
10
18
0
0
0
0
10
0
10
18
4
23
0
12
10
0
10
0
4
23
0
12
0
0
0
18
4
23
0
12
10
0
10
18
0
0
0
0
10
0
115
18
4
23
0
12
10
0
10
0
4
23
0
12
0
0
0
18
4
23
0
12
10
0
10
18
0
0
0
45
10
0
10
18
4
23
0
12
10
0
10
0
4
23
0
12
0
0
0
18
4
23
0
12
10
0
10
18
0
0
0
0
10
0
10
18
4
23
0
12
10
0
10
0
4
23
0
78
0
0
0
18
4
23
0
81
10
0
10
18
0
0
0
0
10
0
10
18
4
23
0
12
10
0
10
0
4
23
0
12
0
0
0
18
4
23
0
12
10
0
10
18
0
0
0
0
10
0
10
18
4
23
0
12
10
0
10
0
4
23
0
112
0
0
16
18
4
23
0
12
10
0
10
18
0
0
0
209
10
0
10
18
4
23
0
12
10
0
10
0
4
23
0
12
0
0
0
18
4
23
0
12
10
0
10
18
0
0
0
0
10
0
10
18
4
23
0
12
10
0
10
0
4
23
0
12
0
60
0
18
4
23
0
0
10
0
10
18
0
0
0
0
10
0
10
18
4
23
0
0
10
0
10
0
4
23
188
0
0
0
0
18
4
23
0
12
10
0
10
18
0
0
0
0
10
0
10
18
4
23
0
12
10
0
10
0
4
23
0
12
0
0
0
18
4
23
0
12
10
68
10
18
0
0
0
0
10
0
10
18
4
23
0
12
10
0
10
0
4
23
0
12
0
0
0
18
4
48
0
12
10
0
10
18
0
0
0
0
10
0
10
18
4
23
0
12
10
0
10
0
4
23
0
12
0
0
0
18
4
23
0
12
10
0
10
18
0
0
0
0
10
0
10
18
4
23
0
12
10
69
10
0
4
23
0
12
0
0
0
18
4
23
0
12
10
0
0
18
0
0
0
0
196
0
0
18
4
23
0
12
10
0
0
0
4
23
0
12
0
0
0
18
4
23
0
12
10
0
10
18
0
0
0
0
10
0
10
18
4
60
0
12
10
0
10
0
4
23
0
12
0
0
0
18
4
23
0
12
10
70
10
18
0
0
0
0
10
0
10
18
4
23
0
12
10
0
10
0
4
23
0
12
0
0
0
18
4
23
0
12
10
0
10
18
0
0
0
0
10
0
138
18
4
23
0
12
10
0
10
0
4
23
0
12
0
0
0
18
4
23
0
12
10
0
176
18
0
0
0
0
10
0
10
18
4
23
0
12
10
0
10
0
4
23
0
12
0
0
199
18
4
0
0
12
10
0
10
18
0
0
0
0
10
0
10
18
4
0
0
12
10
0
10
0
4
0
0
12
0
0
0
18
4
23
0
12
127
0
10
18
0
0
0
0
10
0
10
18
4
23
0
12
10
0
10
0
4
23
0
12
0
0
0
18
4
23
0
12
10
0
10
18
0
0
0
0
10
0
10
18
4
23
0
12
10
0
10
0
4
23
0
12
0
0
0
18
4
23
0
12
10
0
10
18
0
0
0
0
10
0
10
18
4
23
0
12
10
0
10
0
4
23
0
12
0
71
0
18
4
23
0
12
10
0
10
18
0
0
0
0
10
0
10
18
4
23
0
12
10
0
10
0
4
23
0
12
0
0
0
28
4
23
0
12
10
0
10
18
0
0
0
0
10
0
10
18
4
23
0
12
10
0
10
0
4
23
0
12
0
0
0
18
4
23
0
12
166
0
10
18
0
0
0
0
10
0
10
18
4
23
0
12
10
0
10
0
4
23
0
12
0
0
0
18
4
23
0
12
10
0
10
18
0
0
0
0
10
0
10
18
4
23
0
12
10
0
10
0
4
23
0
122
0
0
0
0
4
23
0
12
10
221
10
0
0
0
0
0
10
0
10
0
4
23
0
12
10
0
10
0
4
23
0
12
0
0
0
18
4
23
0
12
10
0
10
18
0
0
0
0
10
0
10
18
4
23
0
134
10
0
10
0
4
23
0
12
0
0
0
18
4
23
0
12
10
0
10
18
0
0
0
0
10
0
10
18
4
23
0
12
10
0
10
0
4
23
0
12
0
0
0
18
4
23
33
12
10
0
10
18
0
0
0
0
10
0
10
18
4
23
0
12
10
0
10
0
4
23
0
12
0
0
0
18
4
23
0
12
10
0
10
18
0
0
51
0
10
0
10
18
4
23
0
12
10
0
10
0
4
23
0
12
0
0
0
18
4
23
0
12
10
0
10
18
0
0
0
0
10
93
10
18
4
23
0
12
10
0
10
0
4
23
0
12
0
0
0
18
4
23
0
12
10
0
10
18
0
0
0
0
10
0
10
18
4
23
0
12
10
0
10
0
4
23
0
12
173
0
0
18
4
23
0
12
10
0
10
18
0
0
0
0
10
0
10
18
4
80
0
12
10
0
10
0
4
23
0
12
0
0
0
18
4
23
0
12
10
0
10
18
0
0
0
0
10
0
10
18
4
112
0
12
10
0
10
0
4
23
0
12
0
0
0
18
4
23
0
12
10
0
10
18
0
92
0
0
10
0
10
18
4
23
0
12
10
0
10
0
4
23
0
12
0
0
0
18
4
118
0
12
10
0
10
18
0
0
0
0
10
0
10
18
4
23
0
12
10
0
10
0
4
23
0
12
0
0
0
18
4
23
0
12
10
0
186
18
0
0
0
0
10
0
10
18
4
23
0
12
10
0
10
0
4
23
0
12
0
0
0
18
4
23
0
12
10
0
10
18
0
0
84
0
10
0
10
18
4
23
0
12
10
0
10
0
4
23
0
12
0
0
0
18
0
23
0
12
10
0
10
18
0
0
0
0
10
0
10
18
0
203
0
12
10
0
10
0
0
23
0
12
0
0
0
18
26
23
0
12
10
0
10
18
0
0
0
0
10
0
10
18
4
23
0
12
10
0
10
0
4
23
0
12
0
0
0
18
48
23
0
12
10
0
10
18
0
0
0
0
10
0
10
18
4
23
0
12
10
0
10
0
4
23
0
12
0
0
0
18
88
23
0
12
10
0
10
18
0
0
0
0
10
0
10
18
4
23
0
12
10
0
10
0
4
23
0
12
0
0
0
18
4
23
0
12
10
0
10
18
0
0
0
0
10
0
10
18
116
23
0
12
10
0
10
0
4
23
0
12
0
0
0
18
4
138
0
12
10
0
10
18
0
0
0
0
10
0
10
18
4
23
0
12
10
0
10
0
4
23
0
12
0
0
0
18
4
23
0
12
10
0
10
18
0
0
0
0
10
0
10
18
4
23
0
12
10
0
10
0
4
23
0
12
0
94
0
18
4
23
0
12
10
0
10
18
0
0
0
0
10
0
10
18
4
23
0
12
10
0
10
39
4
23
0
12
0
0
0
69
4
23
0
12
10
0
10
18
0
0
0
0
10
0
10
18
4
23
0
12
10
0
10
0
4
23
0
12
0
0
0
86
4
23
0
12
10
0
10
18
0
0
0
0
10
0
10
18
4
23
0
12
10
0
10
0
4
23
0
12
0
0
0
18
4
23
0
12
10
0
10
18
0
0
0
0
10
0
10
120
4
23
0
12
10
0
10
0
4
23
0
12
0
0
0
18
4
23
0
12
10
0
10
18
130
0
0
0
10
0
10
18
4
23
0
12
10
0
10
0
4
23
0
12
0
0
0
18
4
23
88
12
10
0
10
18
0
0
0
0
10
0
10
18
4
23
0
12
10
0
10
0
4
23
0
12
0
0
0
18
4
23
125
12
10
0
10
18
0
0
0
0
10
0
10
18
4
23
0
12
10
0
10
0
4
23
0
12
0
0
0
18
4
23
0
163
10
0
10
18
0
0
0
0
10
0
10
18
4
23
0
12
10
0
10
0
4
23
0
12
0
0
0
18
4
23
0
12
10
0
10
18
0
0
0
0
10
0
10
18
4
23
0
12
10
0
10
0
4
23
136
12
0
0
0
18
4
23
0
12
10
0
10
18
0
0
0
0
10
0
10
18
4
23
173
12
10
0
10
0
4
23
0
12
0
0
0
18
4
23
0
12
10
0
10
126
0
0
0
0
10
0
10
18
4
23
0
12
10
0
10
0
4
23
0
12
0
0
0
18
4
23
0
12
10
0
10
18
0
124
0
0
10
0
10
18
4
23
0
12
10
0
10
0
4
23
0
12
0
0
0
18
4
165
0
12
10
0
10
18
0
0
0
0
10
0
10
18
4
23
0
12
10
0
10
0
4
23
0
12
0
0
0
18
4
184
0
12
10
0
10
18
0
0
0
0
10
0
10
18
4
23
0
12
10
0
10
0
4
23
0
12
0
0
0
18
4
189
0
12
10
0
10
18
0
0
0
0
10
0
10
18
4
23
0
12
10
0
10
0
4
23
0
12
0
0
0
18
4
23
0
12
10
0
10
18
0
0
0
0
10
0
10
18
4
23
0
12
10
96
10
0
4
23
0
12
0
0
0
18
4
23
0
12
10
0
10
18
0
0
0
0
10
0
10
18
4
23
0
12
10
97
10
0
4
23
0
12
0
0
0
18
4
23
0
12
10
0
10
18
0
0
0
0
10
0
10
18
4
23
0
12
10
114
10
0
4
23
0
12
0
0
0
18
4
23
0
12
10
0
10
18
0
0
0
0
10
0
10
18
4
23
0
12
10
0
10
0
4
23
0
12
0
120
0
18
147
23
0
12
10
0
10
18
0
0
0
0
10
0
10
18
4
23
0
12
10
0
10
0
4
23
0
12
0
0
0
18
160
23
0
12
10
0
10
18
0
0
0
0
10
0
10
18
4
23
0
12
10
0
10
0
4
23
0
12
0
0
0
18
4
23
0
12
10
0
10
18
0
0
0
0
10
0
10
18
4
23
0
12
10
0
10
0
195
23
0
12
0
0
0
18
4
23
0
12
10
0
10
18
0
0
0
0
10
0
10
18
4
23
0
12
10
121
10
0
4
23
0
12
0
0
0
18
4
23
0
12
10
0
10
18
0
0
0
168
10
0
10
18
4
23
0
12
10
0
10
0
4
23
0
12
0
0
0
18
4
23
0
12
10
0
10
18
0
0
0
0
10
0
10
147
4
23
0
12
10
0
10
0
4
23
0
12
0
0
0
157
4
23
0
12
10
0
10
18
0
0
0
0
10
0
10
18
4
23
0
12
10
0
10
0
4
23
0
12
0
0
0
182
4
23
0
12
10
0
10
18
0
0
0
0
10
0
10
18
4
23
0
12
10
0
10
0
4
23
0
12
0
0
0
184
4
23
0
12
10
0
10
18
0
0
0
0
10
0
10
18
4
23
0
12
10
0
10
0
4
23
0
12
0
0
0
18
4
23
0
12
10
143
10
18
0
0
0
0
10
0
10
18
4
23
0
12
10
0
10
0
4
23
0
12
0
0
