0
0
0
0
10
0
0
8
0
0
10
10
0
8
0
0
0
10
0
0
0
0
10
0
0
8
0
0
10
10
0
8
0
0
0
10
0
0
0
0
10
39
0
8
0
0
10
10
0
8
0
0
0
10
0
0
0
0
27
0
0
8
0
0
10
10
0
8
0
0
0
10
0
0
0
0
10
46
0
8
0
0
10
10
0
8
0
0
0
10
0
0
0
0
10
0
0
8
0
0
10
10
0
8
0
0
0
10
0
0
0
0
59
0
0
8
0
0
10
10
0
8
0
0
0
10
0
0
0
0
10
0
0
8
0
1
10
10
0
8
0
0
0
10
0
0
0
0
76
0
0
8
0
0
10
10
0
8
0
0
0
10
0
0
0
27
10
0
0
8
0
0
10
10
0
8
0
0
0
10
0
0
0
0
10
0
0
8
0
0
10
10
0
8
0
0
0
66
0
0
0
0
10
0
0
8
0
53
10
10
0
8
0
0
0
10
0
0
0
0
10
0
0
8
0
0
10
10
0
8
0
61
0
10
0
0
0
68
10
0
0
8
0
0
10
10
0
8
0
0
0
10
0
0
0
92
10
0
0
8
0
0
10
10
0
8
0
0
0
10
0
0
0
0
10
83
0
8
0
0
10
10
0
8
0
0
0
10
0
0
0
131
10
0
0
8
0
0
10
10
0
8
0
0
0
10
0
0
0
0
10
0
0
8
0
0
10
10
0
8
0
0
78
10
0
0
0
0
10
0
0
8
0
158
10
10
0
8
0
0
0
10
0
185
0
0
10
0
0
8
0
0
10
0
0
8
0
0
0
0
0
0
0
0
10
0
0
8
0
0
10
10
0
8
0
0
0
10
0
18
0
0
10
0
0
8
0
0
10
10
0
8
0
0
0
10
0
35
0
0
10
0
0
8
0
0
10
10
0
8
0
0
0
10
0
38
0
0
10
0
0
8
0
0
10
10
0
8
0
0
0
10
185
0
0
0
10
0
0
0
0
0
10
10
0
0
0
0
0
10
0
0
0
0
10
96
0
8
0
0
10
10
0
8
0
0
0
10
0
0
0
0
119
0
0
8
0
0
10
10
0
8
0
0
0
10
0
0
0
0
10
0
0
8
0
0
10
10
0
8
0
0
0
10
0
0
0
0
10
0
0
8
0
0
10
10
0
8
0
0
0
144
29
0
0
0
10
0
0
8
0
0
10
10
0
8
0
0
0
10
43
0
0
0
10
0
0
8
0
0
10
10
0
8
0
0
0
10
0
0
0
0
152
0
0
8
0
0
10
10
0
8
0
0
0
10
49
0
0
0
10
0
0
8
0
0
10
10
0
8
0
0
0
10
64
0
0
0
10
0
0
8
0
0
10
10
0
8
0
0
0
10
0
0
0
0
197
8
0
8
0
0
10
8
0
8
0
0
0
8
0
0
0
0
10
0
101
8
0
0
10
10
0
8
0
0
0
10
0
0
0
0
10
0
0
8
0
0
10
10
135
8
0
0
0
10
0
0
0
0
10
140
0
8
0
0
10
10
0
8
0
0
0
10
156
0
0
0
10
0
0
8
0
0
10
10
0
8
0
0
0
10
0
0
0
0
10
161
0
8
0
0
10
10
0
8
0
0
0
10
172
0
0
0
10
0
0
8
0
0
10
10
0
8
0
0
0
10
0
0
0
0
10
0
0
8
0
0
10
10
0
8
0
0
0
10
0
0
0
0
10
183
0
8
0
0
10
10
0
8
0
0
0
10
0
0
36
0
10
0
0
8
0
0
10
10
0
8
0
0
0
10
0
0
0
0
10
0
0
8
0
0
10
10
0
8
66
0
0
10
0
0
0
0
10
0
0
8
0
0
10
10
0
8
91
0
0
10
0
0
0
0
10
0
0
8
0
0
10
10
0
8
116
0
0
10
0
0
0
0
10
0
0
8
0
0
10
10
0
8
155
0
0
10
0
0
0
0
10
0
0
8
0
0
10
10
0
8
176
0
0
10
0
0
0
0
168
0
0
8
0
0
10
10
0
8
0
0
0
10
0
54
0
0
10
0
0
8
0
0
10
10
0
8
0
0
0
10
0
62
0
0
10
0
0
8
0
0
10
10
0
8
0
0
0
10
0
0
0
192
10
0
0
8
0
0
10
10
0
8
0
0
0
10
0
0
0
0
10
0
0
80
0
0
10
10
0
8
0
0
0
10
0
0
0
0
10
0
0
108
0
0
10
10
0
8
0
0
0
10
0
0
0
0
10
0
0
129
0
0
10
10
0
8
0
0
0
10
0
0
0
0
10
0
0
165
0
0
10
10
0
8
0
0
0
10
0
0
0
0
10
0
0
8
0
193
10
10
0
8
0
0
0
10
0
0
0
0
0
0
0
8
0
0
0
10
0
8
187
0
0
10
