0
0
0
0
0
45
5
0
0
14
45
5
0
0
14
0
0
0
74
0
45
5
0
0
14
45
5
0
0
14
0
0
0
130
0
45
5
0
0
14
45
5
0
0
14
0
0
0
301
0
0
5
0
0
14
0
5
0
0
14
0
0
0
0
0
45
5
0
0
14
45
5
0
0
14
0
0
0
168
0
45
5
0
0
14
45
5
0
0
14
8
0
0
0
0
45
5
0
0
14
45
5
0
0
14
0
0
0
190
0
45
5
0
0
14
45
5
0
0
14
0
0
0
0
0
45
5
0
0
14
66
5
0
0
14
79
0
0
0
0
45
5
0
0
14
45
5
0
0
14
0
0
0
235
0
45
5
0
0
14
45
5
0
0
14
156
0
0
0
0
45
5
0
0
14
45
5
0
0
14
0
0
0
0
0
45
5
0
0
14
273
5
0
0
14
0
0
0
0
0
303
5
0
0
14
45
5
0
0
14
277
0
0
0
0
45
5
0
0
14
45
5
0
0
14
0
0
0
0
0
45
5
0
0
14
45
5
0
0
14
0
0
15
0
0
45
5
0
0
14
45
5
0
0
14
0
0
0
0
0
45
5
27
0
14
45
5
0
0
14
0
0
85
0
0
45
5
0
0
14
45
5
0
0
14
0
0
168
0
0
45
5
0
0
14
45
5
0
0
14
0
0
261
0
0
45
0
0
0
14
45
0
0
0
14
0
0
185
0
0
45
5
0
0
14
45
5
0
0
14
0
0
0
0
0
45
5
0
0
14
45
5
0
0
14
0
0
0
0
0
45
5
0
0
14
339
5
0
0
14
0
67
0
0
0
45
5
0
0
14
45
5
0
0
14
0
0
206
0
0
45
5
0
0
14
45
5
0
0
14
0
0
219
0
0
45
5
0
0
14
45
5
0
0
14
0
110
0
0
0
45
5
0
0
14
45
5
0
0
14
0
0
0
0
0
45
172
0
0
14
45
5
0
0
14
0
0
0
0
0
45
5
0
0
14
45
217
0
0
14
0
270
0
0
0
45
5
0
0
0
45
5
0
0
0
0
0
0
0
0
45
5
0
0
14
45
5
0
0
14
0
0
0
0
5
45
5
0
0
14
45
5
0
0
14
0
0
0
0
50
45
5
0
0
14
45
5
0
0
14
0
0
0
0
59
45
5
0
0
14
45
5
0
0
14
0
0
0
0
88
45
5
0
0
14
45
5
0
0
14
0
0
0
0
158
45
5
0
0
14
45
5
0
0
14
0
0
0
0
223
45
5
0
0
14
45
5
0
0
14
0
0
0
0
254
45
5
0
0
14
45
5
0
0
14
