0
0
0
0
0
0
0
4
7
4
3
0
0
0
4
7
4
3
0
0
0
4
7
4
3
0
0
0
0
0
0
0
0
0
0
4
7
4
3
0
0
0
4
7
4
3
0
0
0
4
7
4
3
0
0
0
0
0
0
0
0
0
10
4
7
4
3
0
0
0
4
7
4
3
0
0
0
4
7
4
3
0
0
0
0
0
0
0
0
5
0
4
7
4
3
0
0
0
4
7
4
3
0
0
0
4
7
4
3
0
0
0
0
0
0
0
0
0
0
4
7
4
3
0
0
0
4
7
4
3
0
0
0
4
7
4
3
0
0
14
0
0
0
0
0
0
0
4
7
4
3
0
0
0
4
7
4
3
0
0
0
4
7
4
3
0
15
0
0
0
0
0
0
0
24
4
7
4
3
0
0
0
4
7
4
3
0
0
0
4
7
4
3
0
0
0
0
0
0
0
0
0
0
4
7
4
3
0
0
0
4
7
4
3
0
0
0
4
7
4
3
0
0
0
0
0
0
0
7
0
0
4
7
4
3
0
0
0
4
7
4
3
0
0
0
4
7
4
3
0
0
0
0
0
0
0
12
0
0
4
7
4
3
0
0
0
4
7
4
3
0
0
0
4
7
4
3
0
0
0
0
0
0
0
0
25
0
4
7
4
3
0
0
0
4
7
4
3
0
0
0
4
7
4
3
0
0
0
0
0
0
0
0
0
0
4
7
4
3
16
0
0
4
7
4
3
0
0
0
4
7
4
3
0
0
0
0
0
0
0
0
0
29
4
7
4
3
0
0
0
4
7
4
3
0
0
0
4
7
4
3
0
0
0
0
0
0
0
23
0
0
4
7
4
3
0
0
0
4
7
4
3
0
0
0
4
7
4
3
0
0
0
0
0
0
0
27
0
0
4
7
4
3
0
0
0
4
7
4
3
0
0
0
4
7
4
3
0
0
0
0
0
0
0
29
0
0
4
7
4
3
0
0
0
4
7
4
3
0
0
0
4
7
4
3
0
0
0
0
0
0
0
0
37
0
4
7
4
0
0
0
0
4
7
4
0
0
0
0
4
7
4
0
0
0
0
0
0
0
0
0
0
0
4
7
4
3
0
0
0
4
7
4
3
0
0
0
4
7
4
3
0
0
0
0
0
0
8
0
0
0
4
7
4
3
0
0
0
4
7
4
3
0
0
0
4
7
4
3
0
0
0
0
0
0
16
0
0
0
4
7
4
3
0
0
0
4
7
4
3
0
0
0
4
7
4
3
0
0
0
0
0
0
24
0
0
0
4
7
4
3
0
0
0
4
7
4
3
0
0
0
4
7
4
3
0
0
0
0
0
0
33
0
0
0
4
7
4
3
0
0
0
4
7
4
3
0
0
0
4
7
4
3
0
0
0
0
0
0
0
0
0
0
4
7
4
3
0
0
0
4
7
4
3
0
0
0
4
7
4
3
0
0
0
0
0
0
0
0
0
0
4
7
4
3
0
0
0
14
7
4
3
0
0
0
4
7
4
3
0
0
0
0
0
0
0
0
0
0
4
7
4
3
0
0
0
4
7
4
3
0
0
0
16
7
4
3
0
0
0
0
0
0
0
0
0
39
4
7
4
3
0
0
0
4
7
4
3
0
0
0
4
7
4
3
0
0
0
0
0
0
0
0
0
40
4
7
4
3
0
0
0
4
7
4
3
0
0
0
4
7
4
3
0
0
0
0
0
0
0
38
0
0
0
7
4
3
0
0
0
0
7
4
3
0
0
0
0
7
4
3
0
0
0
14
0
0
0
0
0
0
4
7
4
3
0
0
0
4
7
4
3
0
0
0
4
7
4
3
0
0
0
17
0
0
0
0
0
0
4
7
4
3
0
0
0
4
7
4
3
0
0
0
4
7
4
3
0
0
0
0
0
0
0
0
0
0
24
7
4
3
0
0
0
4
7
4
3
0
0
0
4
7
4
3
0
0
0
0
0
0
0
0
0
0
4
7
4
3
0
0
0
32
7
4
3
0
0
0
4
7
4
3
0
0
0
0
0
0
0
0
0
0
4
7
4
3
0
0
0
4
7
4
3
0
0
0
4
7
4
3
0
0
0
0
0
0
0
0
34
0
4
7
4
3
0
0
0
4
7
4
3
0
0
0
4
7
4
3
0
0
0
38
0
0
0
0
0
0
4
7
0
3
0
0
0
4
7
0
3
0
0
0
4
7
0
3
0
0
0
0
0
8
0
0
0
0
4
7
4
3
0
0
0
4
7
4
3
0
0
0
4
7
4
3
0
0
0
0
0
43
0
0
0
0
4
0
4
3
0
0
0
4
0
4
3
0
0
0
4
0
4
3
0
0
0
0
0
0
0
0
0
0
4
7
4
3
0
0
0
4
7
4
3
0
0
0
4
7
4
3
0
0
0
0
0
0
0
0
0
0
4
7
4
3
0
0
0
4
7
4
3
0
0
0
4
13
4
3
0
0
0
0
9
0
0
0
0
0
4
7
4
3
0
0
0
4
7
4
3
0
0
0
4
7
4
3
0
0
0
0
0
0
0
0
0
42
4
7
4
3
0
0
0
4
7
4
3
0
0
0
4
7
4
3
0
0
0
0
0
0
0
0
0
43
4
7
4
3
0
0
0
4
7
4
3
0
0
0
4
7
4
3
0
0
0
0
12
0
0
0
0
0
4
7
4
3
0
0
0
4
7
4
3
0
0
0
4
7
4
3
0
0
0
0
0
0
0
0
0
0
4
7
4
3
0
0
0
4
7
4
3
0
0
0
4
7
22
3
0
0
0
0
0
0
0
0
0
0
4
7
4
3
0
0
0
4
7
4
3
0
0
0
4
21
4
3
0
0
0
0
16
0
0
0
0
0
4
7
4
3
0
0
0
4
7
4
3
0
0
0
4
7
4
3
0
0
0
0
0
20
0
0
0
0
4
7
4
3
0
0
0
4
7
4
3
0
0
0
4
7
4
3
0
0
0
0
22
0
0
0
0
0
4
7
4
3
0
0
0
4
7
4
3
0
0
0
4
7
4
3
0
0
0
0
0
0
0
0
0
0
4
7
4
3
0
0
0
4
7
4
3
0
0
0
4
39
4
3
0
0
0
0
0
0
0
0
0
0
4
7
4
3
0
0
0
4
7
4
3
0
0
0
4
7
34
3
0
0
0
0
0
37
0
0
0
0
4
7
4
3
0
0
0
4
7
4
3
0
0
0
4
7
4
3
0
0
0
