0
30
0
17
0
26
0
10
0
34
0
1
0
18
0
4
0
11
0
5
0
7
0
32
0
23
0
1
0
24
0
32
0
9
0
23
0
39
0
10
0
19
0
28
0
38
0
4
0
16
0
36
0
8
0
40
0
27
0
5
0
13
0
8
0
16
0
27
0
33
0
24
0
11
0
27
0
22
0
5
0
28
0
7
0
32
0
1
0
22
0
37
0
15
0
9
0
31
0
37
0
14
17
20
0
1
0
1
37
0
7
0
34
0
33
0
6
0
23
0
30
0
14
0
30
0
14
0
17
0
16
0
38
0
17
0
12
0
35
0
6
0
8
0
0
1
37
0
26
0
23
0
12
0
40
0
31
0
13
0
11
0
6
0
31
0
31
0
18
0
31
0
30
0
23
0
5
0
9
0
29
0
40
0
28
0
39
0
31
0
10
0
33
0
39
0
