1012
0
30
0
47
0
983
0
329
0
961
0
179
0
175
0
164
0
159
0
152
0
297
0
129
0
962
0
105
0
265
0
96
0
73
0
226
0
973
0
993
0
505
0
467
0
423
0
407
0
371
0
363
0
703
0
934
0
929
0
916
0
908
0
892
0
865
0
832
0
808
0
797
0
770
0
748
0
743
0
2
1019
0
119
0
423
1
1019
0
97
0
705
0
82
0
73
0
392
0
668
0
59
0
631
0
35
0
1019
0
594
0
28
0
488
0
455
0
22
0
36
0
362
0
292
0
332
0
278
0
261
0
245
0
742
0
228
0
216
0
522
0
210
0
202
0
161
0
557
0
306
0
138
0
126
0
162
0
988
0
975
0
964
0
958
0
927
0
896
0
878
0
847
0
817
0
794
0
789
0
780
197
0
427
0
675
0
636
0
605
0
963
0
572
0
533
0
