0
0
0
30
0
47
0
73
0
83
0
117
0
118
0
136
0
140
0
151
0
156
0
163
0
195
0
218
0
219
0
243
0
275
0
284
0
307
0
346
0
356
0
375
0
403
0
441
0
445
0
461
0
497
0
505
0
545
0
572
0
577
0
590
0
598
0
614
0
641
0
674
0
698
0
709
0
736
0
758
0
763
0
791
0
798
0
830
0
831
0
853
0
890
0
905
0
914
0
945
0
982
0
997
0
996
0
997
0
0
37
0
44
0
78
0
111
0
117
0
140
0
170
0
184
0
214
0
228
0
245
0
261
0
299
0
316
0
328
0
363
0
369
0
0
998
377
0
414
0
440
0
463
0
475
0
515
0
546
0
559
0
570
0
576
0
607
0
638
0
656
0
687
0
717
0
740
0
745
0
754
0
783
0
823
0
851
0
890
0
921
0
931
0
964
0
