0
0
0
0
0
0
0
8
0
0
0
0
0
0
4
0
0
0
0
0
0
8
0
0
0
0
0
0
0
0
0
0
5
0
0
8
0
0
0
0
0
0
4
0
0
0
0
0
0
8
0
0
0
0
0
0
0
0
0
0
0
0
0
8
0
0
0
0
0
0
4
0
0
0
0
0
0
8
0
0
0
0
0
0
0
0
0
14
0
0
0
0
0
0
0
0
0
0
0
0
0
0
0
0
0
0
0
0
0
0
0
0
0
0
0
0
0
1
0
8
0
0
0
0
0
0
17
0
0
0
0
0
0
8
0
0
0
0
0
0
0
0
0
0
0
0
0
8
0
0
0
0
0
0
4
0
0
0
0
0
0
8
0
0
0
0
0
0
0
0
0
0
0
0
0
8
0
0
0
0
0
0
4
0
0
0
0
0
0
8
0
0
0
0
0
0
0
0
0
0
0
0
0
8
0
0
0
0
0
0
4
0
0
0
0
0
0
8
0
0
0
0
0
0
0
0
0
0
0
7
0
8
0
0
0
0
0
0
4
0
0
0
0
0
0
8
0
0
0
0
0
0
0
0
0
0
0
0
0
8
0
0
0
0
0
0
4
0
0
0
0
0
0
8
0
0
0
0
0
0
0
0
0
0
6
0
0
8
0
0
0
0
0
0
4
0
0
0
0
0
0
8
0
0
0
0
0
0
0
1
0
0
0
0
0
8
0
0
0
0
0
0
4
0
0
0
0
0
0
8
0
0
0
0
0
0
0
7
0
0
0
0
0
8
0
0
0
0
0
0
4
0
0
0
0
0
0
8
0
0
0
0
0
0
0
0
0
0
0
0
0
8
0
0
0
0
0
0
4
12
0
0
0
0
0
8
0
0
0
0
0
0
0
0
0
0
0
0
0
4
14
0
0
0
0
0
4
0
0
0
0
0
0
4
0
0
0
0
0
0
0
0
0
0
0
0
0
8
0
0
0
0
0
0
4
0
0
0
0
0
0
8
0
0
0
0
0
0
0
0
0
0
0
0
9
8
0
0
0
0
0
0
4
0
0
0
0
0
0
8
0
0
0
0
0
0
0
0
0
0
0
0
0
8
0
0
0
0
0
0
4
0
0
5
0
0
0
8
0
0
0
0
0
0
0
0
0
0
0
0
0
8
0
8
0
0
0
0
4
0
0
0
0
0
0
8
0
0
0
0
0
0
0
0
0
0
0
0
0
8
0
0
0
0
0
0
4
0
0
0
0
0
0
8
0
10
0
0
0
0
