30
5
92
172
0
35
0
30
0
0
0
0
35
0
30
5
54
0
0
35
0
0
5
92
0
0
0
0
30
5
92
0
0
35
0
30
0
0
0
4
35
0
30
5
54
0
4
35
0
0
5
92
0
4
0
0
30
5
92
3
0
35
0
30
0
0
0
4
35
0
30
5
54
0
4
35
0
0
5
92
0
4
0
0
30
0
92
0
0
35
0
30
0
0
0
177
35
0
30
0
54
0
4
35
0
0
0
92
0
4
0
0
30
5
92
0
0
35
0
30
0
0
0
4
35
0
30
5
54
0
4
35
0
0
5
92
0
4
0
0
30
5
92
0
0
35
0
30
0
0
0
4
42
0
30
5
54
0
4
35
0
0
5
92
0
4
0
0
30
5
92
0
0
35
0
30
0
0
0
4
35
0
30
5
54
0
4
35
0
0
5
92
0
4
69
0
30
5
92
0
0
35
0
30
0
0
0
4
109
0
30
5
54
0
4
35
0
0
5
92
0
4
0
0
30
5
92
0
0
35
0
30
0
0
0
4
35
0
30
5
54
0
4
35
0
0
5
92
0
4
0
0
30
5
92
0
0
35
0
30
0
0
0
4
35
0
30
5
54
0
4
35
0
0
5
92
0
4
96
0
30
5
92
0
0
35
0
30
0
0
0
4
35
0
30
5
54
0
4
35
0
0
5
92
38
4
0
0
30
5
92
0
0
35
0
30
0
0
0
4
35
0
30
5
54
0
4
206
0
0
5
92
0
4
0
0
30
5
92
0
245
0
0
30
0
0
0
4
0
0
30
5
54
0
4
0
0
0
5
92
0
4
0
0
30
5
92
0
0
35
0
30
0
0
0
4
35
0
30
5
54
0
4
35
0
0
5
92
0
4
0
0
30
5
92
0
65
35
0
30
0
0
0
4
35
0
30
5
54
0
4
35
0
0
5
92
0
4
0
0
30
5
92
0
0
35
0
30
7
0
0
4
35
0
30
5
54
0
4
35
0
0
5
92
0
4
0
0
30
5
92
0
0
35
0
30
0
0
0
4
35
0
30
5
54
0
110
35
0
0
5
92
0
4
0
0
30
5
92
0
0
35
0
30
0
0
0
4
35
0
30
5
54
64
4
35
0
0
5
92
0
4
0
0
30
5
92
0
0
35
0
30
0
0
0
4
35
0
30
19
54
0
4
35
0
0
5
92
0
4
0
0
30
5
92
0
0
35
0
30
0
0
0
4
35
0
30
5
54
0
4
35
0
0
83
92
0
4
0
0
30
5
92
138
0
35
0
30
0
0
0
4
35
0
30
5
54
0
4
35
0
0
5
92
0
4
0
0
30
164
92
0
0
35
0
30
0
0
0
4
35
0
30
5
54
0
4
35
0
0
5
92
0
4
0
0
30
5
92
0
0
35
0
30
0
0
0
4
35
0
30
5
54
141
4
35
0
0
5
92
0
4
0
0
30
5
92
0
0
35
0
30
0
0
0
4
35
0
30
5
54
0
4
35
0
0
5
92
0
4
0
0
30
5
92
218
0
35
0
30
0
0
0
4
35
0
30
5
54
0
4
35
0
0
5
92
0
4
0
0
30
5
92
0
0
35
0
112
0
0
0
4
35
0
30
5
54
0
4
35
0
0
5
92
0
4
0
0
123
5
92
0
0
35
0
30
0
0
0
4
35
0
30
5
54
0
4
35
0
0
5
92
0
4
0
0
0
5
92
0
0
35
0
0
0
0
0
4
35
0
0
5
54
0
4
233
0
0
5
92
0
4
0
0
30
5
92
0
0
35
0
30
0
0
0
4
35
0
30
5
54
0
4
35
0
0
5
92
0
4
0
0
30
5
92
0
0
35
0
30
0
0
0
4
35
0
30
5
54
0
4
35
0
0
5
173
0
4
0
0
30
5
92
0
0
35
0
30
0
141
0
4
35
0
30
5
54
0
4
35
0
0
5
92
0
4
0
0
30
5
92
0
0
35
0
181
0
0
0
4
35
0
30
5
54
0
4
35
0
0
5
92
0
4
0
0
30
5
92
0
0
35
0
30
0
0
0
4
35
0
30
5
210
0
4
35
0
0
5
92
0
4
0
0
30
5
0
0
0
35
0
30
0
0
0
4
35
0
30
227
0
0
4
35
0
0
5
0
0
4
0
0
30
5
92
0
0
35
0
30
0
0
0
4
35
0
30
5
54
0
4
35
0
0
5
92
0
4
0
0
30
5
92
0
0
35
24
30
0
0
0
4
35
0
30
5
54
0
4
35
0
0
5
92
0
4
0
0
30
5
54
0
0
35
0
30
0
0
0
4
35
0
30
5
54
0
4
35
206
0
5
54
0
4
0
0
30
5
92
0
0
35
0
30
0
0
0
4
35
0
30
5
54
0
4
35
0
0
5
92
0
4
0
75
30
5
92
0
0
35
152
30
0
0
0
4
35
0
30
5
54
0
4
35
0
0
5
92
0
4
0
0
