0
0
0
0
1
2
0
0
5
0
0
0
1
2
0
0
8
0
0
0
1
2
0
0
11
0
0
0
1
2
0
0
20
0
0
0
1
2
0
0
0
0
0
0
24
2
0
0
0
0
0
0
29
2
0
0
0
0
0
0
39
2
0
0
0
0
0
0
46
2
0
0
0
0
45
0
0
2
0
0
0
0
0
0
1
2
0
0
0
0
46
0
1
0
0
0
0
0
0
0
1
2
0
0
0
7
0
0
1
2
0
0
0
0
5
0
1
2
0
0
0
0
0
0
1
2
0
0
0
11
0
0
1
2
0
0
0
0
0
0
1
2
11
0
0
0
13
0
1
2
0
0
0
0
0
0
52
2
0
0
0
20
0
0
1
2
0
0
0
0
0
6
1
2
0
0
0
0
0
16
1
2
0
0
0
0
21
0
1
2
0
0
0
0
0
26
1
2
0
0
0
27
0
0
1
2
0
0
0
0
30
0
1
2
0
0
0
0
35
0
1
2
0
0
0
36
0
0
1
2
0
0
0
0
0
0
1
40
0
0
0
0
0
34
1
2
0
0
0
0
0
39
1
2
0
0
0
0
0
0
1
2
38
0
0
0
0
45
1
2
0
0
0
0
0
0
1
50
0
0
