0
0
0
0
0
0
0
0
0
0
0
0
0
0
0
0
0
0
0
0
0
0
0
51
0
0
35
0
0
0
0
0
0
0
3
0
0
0
0
0
0
11
0
0
0
0
0
0
0
0
44
0
0
0
0
0
10
0
0
0
0
0
0
0
0
0
54
0
0
0
0
0
0
0
0
9
0
0
0
0
0
0
0
0
0
0
0
0
0
0
54
0
0
0
47
0
0
0
0
0
0
0
0
5
0
0
6
0
0
0
0
0
0
0
0
11
0
0
0
0
0
0
10
0
0
0
0
0
0
0
0
0
0
0
0
0
0
0
0
0
0
0
0
0
0
0
0
0
0
12
0
0
9
0
0
0
0
0
0
0
0
0
0
28
0
0
0
0
0
0
0
0
0
28
0
0
17
0
0
0
0
0
0
0
0
0
0
0
0
0
0
0
0
0
0
0
0
20
0
0
0
0
0
0
10
0
0
0
0
0
0
0
5
0
0
0
0
0
0
0
0
9
0
0
0
0
0
17
0
0
0
0
0
0
0
0
0
0
0
50
0
6
0
0
0
0
0
0
0
0
0
0
0
0
3
0
0
0
0
19
0
0
0
0
27
0
0
0
0
0
0
0
0
0
2
0
0
0
0
47
