0
28
0
40
0
11
0
15
0
22
0
32
0
18
0
38
0
34
0
35
0
37
0
25
0
19
0
33
0
5
0
34
0
12
0
38
0
40
0
25
0
21
0
25
0
16
0
9
0
33
0
33
0
16
0
28
0
38
0
29
0
20
0
37
0
39
0
11
0
25
0
20
0
4
0
5
0
24
0
22
15
19
22
0
29
0
24
0
21
0
39
0
1
0
25
0
10
0
38
0
39
0
40
0
18
0
8
0
36
0
2
0
7
0
5
0
2
0
21
0
31
0
21
0
10
0
24
0
10
0
20
0
25
0
10
0
23
0
31
0
12
0
7
0
7
0
23
0
12
0
21
0
18
0
26
0
3
0
21
0
14
0
1
0
11
0
1
0
2
0
36
0
11
0
22
0
24
0
24
0
16
0
30
0
25
0
2
0
6
0
20
0
14
0
