0
81
213
0
957
0
942
0
920
0
888
0
870
0
0
457
836
0
801
0
0
109
776
0
757
0
724
0
973
0
690
0
678
0
0
419
638
0
613
0
592
0
567
0
0
0
558
0
525
0
492
0
994
0
0
16
0
381
463
0
193
0
0
44
0
146
182
0
157
0
137
0
133
0
968
0
109
0
53
0
75
0
31
0
2
0
0
357
0
336
0
297
1
0
0
272
0
262
0
224
0
185
0
495
0
997
0
989
0
953
0
951
0
944
0
939
0
937
0
916
0
885
0
864
0
854
0
830
0
820
0
800
0
775
0
765
0
742
0
711
0
699
0
692
0
685
0
662
0
650
0
629
0
611
0
585
0
582
0
561
0
547
0
0
0
536
0
535
461
0
425
0
414
0
392
0
368
0
344
0
978
0
314
0
289
0
287
0
1010
0
267
0
253
0
