0
0
0
28
0
68
0
79
0
94
0
116
0
148
0
166
0
204
0
238
0
273
0
310
0
335
0
354
0
387
0
392
0
426
0
438
0
476
0
516
0
541
0
562
0
587
0
603
0
612
0
645
0
678
0
694
0
722
0
760
0
789
0
809
0
846
0
885
0
896
0
921
0
941
0
945
0
950
0
974
0
991
0
0
22
0
51
0
75
0
96
0
135
0
136
0
161
0
171
0
209
0
248
0
288
0
306
0
314
0
350
0
352
0
359
0
364
0
366
0
387
0
418
0
439
0
449
0
473
0
483
0
503
0
528
0
538
0
561
0
592
0
604
0
611
0
618
0
641
0
653
0
674
0
692
0
718
0
721
0
742
0
756
0
757
0
768
0
769
0
771
0
807
0
818
0
840
0
864
0
888
0
904
0
934
0
959
0
961
0
967
0
987
0
