0
0
0
0
0
0
8
0
3
5
1
0
8
0
3
5
1
0
0
0
0
0
0
4
8
0
3
5
1
0
8
0
3
5
1
0
0
0
0
0
0
6
8
0
3
5
1
0
8
0
3
5
1
0
0
0
0
0
0
0
8
0
3
5
1
0
8
0
3
5
1
0
0
0
0
2
0
0
8
0
3
5
1
0
8
0
3
5
1
0
0
0
0
0
0
0
8
0
3
0
1
0
8
0
43
0
1
0
0
0
0
0
0
0
8
0
0
5
1
0
48
0
0
5
1
0
0
0
0
0
0
0
8
0
3
5
1
0
8
0
3
5
1
0
0
0
0
0
0
0
8
0
3
5
1
0
8
0
3
5
1
0
3
0
0
0
0
0
8
0
3
5
1
0
8
0
3
5
1
0
0
0
0
0
0
0
17
0
3
5
1
0
8
0
3
5
1
0
11
0
0
0
0
0
8
0
3
5
1
0
8
0
3
5
1
0
0
0
0
0
0
0
44
0
3
5
0
0
8
0
3
5
0
0
0
0
0
0
0
0
8
0
3
5
1
0
8
0
3
5
1
0
0
0
0
0
8
0
8
0
3
5
1
0
8
0
3
5
1
0
0
0
0
0
0
0
8
0
3
5
1
0
8
0
13
5
1
0
0
0
12
0
0
0
8
0
3
5
1
0
8
0
3
5
1
0
0
0
0
0
0
0
8
0
21
5
1
0
8
0
3
5
1
0
0
0
0
0
0
0
28
0
3
5
1
0
8
0
3
5
1
0
0
0
0
0
0
0
0
0
3
5
1
0
0
43
3
5
1
0
0
0
0
0
0
0
8
0
3
5
1
0
8
0
3
5
1
0
0
0
0
0
14
0
8
0
3
5
1
0
8
0
3
5
1
0
0
0
0
0
18
0
8
0
3
5
1
0
8
0
3
5
1
0
0
0
0
0
27
0
8
0
3
5
1
0
8
0
3
5
1
0
0
0
24
0
0
0
8
0
3
5
1
0
8
0
3
5
1
0
0
0
27
0
0
0
8
0
3
5
1
0
8
0
3
5
1
0
0
0
36
0
0
0
8
0
3
5
1
0
8
0
3
5
1
0
0
9
0
0
0
0
8
0
3
5
1
0
8
0
3
5
1
0
0
0
0
0
0
0
8
15
3
5
1
0
8
0
3
5
1
0
0
0
0
0
0
9
8
0
3
5
1
0
8
0
3
5
1
0
0
0
0
0
29
0
8
0
3
5
1
0
8
0
3
5
1
0
0
0
0
0
38
0
8
0
3
5
1
0
8
0
3
5
1
0
0
0
0
7
0
0
8
0
3
5
1
0
8
0
3
5
1
0
0
0
0
0
0
18
8
0
3
5
1
0
8
0
3
5
1
0
0
0
0
0
0
27
8
0
3
5
1
0
8
0
3
5
1
0
0
0
0
0
0
28
8
0
3
5
1
0
8
0
3
5
1
0
0
0
0
0
0
29
8
0
3
5
1
0
8
0
3
5
1
0
0
0
0
0
0
36
8
0
3
5
1
0
8
0
3
5
1
0
0
0
0
0
0
40
8
0
3
5
1
0
8
0
3
5
1
0
0
0
0
15
0
0
8
0
3
5
1
0
8
0
3
5
1
0
0
0
0
24
0
0
8
0
3
5
1
0
8
0
3
5
1
0
0
0
0
34
0
0
8
0
3
5
1
0
8
0
3
5
1
0
0
22
0
0
0
0
8
0
3
5
1
0
8
0
3
5
1
0
0
30
0
0
0
0
8
0
3
5
1
0
8
0
3
5
1
0
0
0
0
0
0
0
8
37
3
5
1
0
8
0
3
5
1
0
