0
0
0
0
0
112
0
0
0
0
0
120
0
0
0
0
0
18
0
0
0
10
0
0
101
24
0
0
0
0
0
0
0
23
0
0
0
0
66
0
0
0
0
0
0
0
8
0
0
0
0
0
31
0
0
0
61
0
0
0
120
0
0
0
0
0
0
0
58
0
0
0
0
0
0
0
13
0
0
1
0
0
0
0
0
0
0
0
0
0
3
0
43
0
0
0
0
0
0
0
0
135
58
0
0
0
0
0
0
24
0
0
0
34
0
25
0
0
0
0
0
15
0
0
0
0
3
0
0
0
0
0
0
0
0
0
4
0
0
112
0
0
0
0
0
0
0
0
35
0
0
0
0
0
40
0
116
0
0
0
0
0
0
0
0
0
0
126
52
0
0
0
0
0
0
0
0
30
0
0
0
0
0
0
0
31
0
0
0
25
0
0
93
0
93
0
0
0
0
0
0
0
0
0
0
0
0
0
9
0
0
0
77
0
0
0
0
0
0
9
0
0
106
0
0
0
0
0
0
0
69
0
0
0
0
0
0
9
22
0
0
7
0
0
0
24
0
130
0
0
0
0
0
0
0
18
0
0
0
0
52
0
0
0
0
0
0
0
0
19
0
24
0
0
0
0
0
0
0
0
47
0
67
0
0
0
0
0
93
0
0
0
0
128
0
0
50
0
0
0
85
0
0
0
0
0
135
0
0
0
0
0
0
0
0
0
61
0
0
0
123
0
0
0
0
23
0
0
0
0
0
0
0
0
0
0
0
0
0
95
0
0
0
0
83
0
0
0
0
125
0
0
0
0
0
104
0
104
0
0
0
7
0
0
0
0
75
0
0
0
0
0
0
0
0
0
0
109
0
0
0
0
0
0
0
0
0
0
28
0
0
0
0
0
67
0
0
0
0
0
56
0
0
0
0
0
0
9
0
113
0
0
0
0
0
115
0
0
0
0
126
0
0
0
0
0
61
0
0
0
0
0
0
0
128
0
0
0
