0
0
0
0
0
2
8
0
0
0
0
2
14
0
0
0
0
2
0
0
0
0
0
2
15
0
0
0
0
2
0
0
0
0
0
10
0
0
0
0
0
12
0
0
0
0
0
15
20
0
0
0
0
2
24
0
0
0
0
2
29
0
0
0
0
2
0
0
14
0
0
2
35
0
0
0
0
2
44
0
0
0
0
2
0
0
0
0
0
19
50
0
0
0
0
2
0
0
0
0
0
28
0
0
0
0
0
35
57
0
0
0
0
2
0
0
36
0
0
2
0
0
43
0
0
2
0
0
51
0
0
2
0
0
56
0
0
2
0
0
60
0
0
2
0
0
61
0
0
2
0
0
0
0
0
2
0
0
0
0
0
68
67
0
0
0
0
2
69
0
0
0
0
2
0
0
0
0
7
2
75
0
0
0
0
2
78
0
0
0
0
2
0
0
0
130
0
0
0
0
70
0
0
2
0
0
0
83
0
2
87
0
0
0
0
2
0
11
0
0
0
2
0
0
79
0
0
2
93
0
0
0
0
2
101
0
0
0
0
2
0
0
0
0
0
91
0
0
96
0
0
2
0
0
104
0
0
2
0
0
0
107
0
2
0
0
109
0
0
2
0
0
114
0
0
2
0
0
0
113
0
2
0
0
0
0
0
117
122
0
0
0
0
2
0
0
0
0
0
125
0
0
0
0
12
2
129
0
0
0
0
2
0
20
0
0
0
2
0
26
0
0
0
2
0
0
125
0
0
2
0
0
0
0
31
2
0
0
0
0
34
2
0
43
0
0
0
2
0
53
0
0
0
2
0
58
0
0
0
2
0
0
126
0
0
2
0
66
0
0
0
2
0
76
0
0
0
2
0
0
134
0
0
2
0
79
0
0
0
2
0
82
0
0
0
2
0
87
0
0
0
2
0
0
0
0
92
2
0
0
0
0
101
2
0
0
0
0
103
2
0
0
0
0
113
2
0
0
0
0
122
2
0
0
0
0
128
2
