0
0
0
0
0
0
265
0
2
21
13
0
9
0
0
2
21
13
0
9
0
0
2
21
13
0
9
0
0
0
0
0
0
0
0
33
2
21
13
0
9
0
33
2
21
13
0
9
0
33
2
21
13
0
9
0
0
0
0
0
0
0
0
33
2
21
13
0
0
0
33
2
21
13
0
0
196
33
2
21
13
0
0
0
0
0
0
0
0
0
0
33
2
21
13
0
9
0
33
2
21
13
0
9
0
33
2
21
13
0
9
0
0
0
0
0
0
0
0
33
2
21
13
0
42
0
33
2
21
13
0
9
0
33
2
21
13
0
9
0
0
0
0
0
0
0
0
33
2
21
13
0
9
0
33
2
21
13
0
9
0
33
2
21
13
0
9
0
0
0
0
0
0
0
0
33
2
21
13
0
9
0
33
2
21
13
0
9
0
33
2
21
13
81
9
0
0
0
0
0
0
0
0
33
2
21
13
0
9
0
33
2
21
13
0
9
0
33
2
21
13
0
9
0
0
0
0
0
0
0
0
33
2
21
13
0
9
0
33
2
21
13
143
9
0
33
2
21
13
0
9
0
0
0
0
0
0
0
0
33
2
21
0
0
9
0
33
2
21
0
0
9
0
33
2
21
0
200
9
0
0
0
0
0
0
0
0
33
2
21
13
0
9
0
33
2
21
13
0
90
0
33
2
21
13
0
9
0
0
0
0
1
0
0
0
33
2
21
13
0
9
0
33
2
21
13
0
9
0
33
2
21
13
0
9
0
0
0
0
50
0
0
0
33
2
21
13
0
9
0
33
2
21
13
0
9
0
33
2
21
13
0
9
0
0
0
0
0
0
0
0
33
2
21
66
0
9
0
33
2
21
13
0
9
0
33
2
21
13
0
9
0
0
0
0
104
0
0
0
33
2
21
13
0
9
0
33
2
21
13
0
9
0
33
2
21
13
0
9
0
0
0
0
147
0
0
0
33
2
21
13
0
9
0
33
2
21
13
0
9
0
33
2
21
13
0
9
0
0
0
0
184
0
0
0
33
2
21
13
0
9
0
33
2
21
13
0
9
0
33
2
21
13
0
9
0
0
0
0
197
0
0
0
33
2
21
13
0
9
0
33
2
21
13
0
9
0
33
2
21
13
0
9
0
30
0
0
0
0
0
0
30
2
21
13
0
9
0
30
2
21
270
0
9
0
30
2
21
13
0
9
0
0
0
0
0
0
93
0
33
2
21
13
0
9
0
33
2
21
13
0
9
0
33
2
21
13
0
9
0
0
0
0
0
0
0
0
33
2
21
13
0
9
0
33
2
21
13
0
9
0
33
2
21
13
0
9
0
0
0
0
0
0
0
0
33
2
21
13
0
9
56
33
2
21
13
0
9
0
33
2
21
13
0
9
0
0
0
0
0
0
0
0
33
2
21
13
0
9
0
45
2
21
13
0
9
0
33
2
21
13
0
9
0
0
0
0
0
0
0
0
33
2
21
13
0
9
0
33
2
21
13
0
9
0
33
2
21
13
0
9
111
0
0
0
0
0
0
0
116
2
21
13
0
9
0
33
2
21
13
0
9
0
33
2
21
13
0
9
0
0
0
0
0
0
0
0
33
2
21
13
0
9
116
33
2
21
13
0
9
0
33
2
21
13
0
9
0
141
0
0
0
0
0
0
33
2
21
13
0
9
0
33
2
21
13
0
9
0
33
2
21
13
0
9
0
0
0
0
0
0
0
0
243
2
21
13
0
9
0
33
2
21
13
0
9
0
33
2
21
13
0
9
0
208
0
0
0
0
0
0
33
2
0
13
0
9
0
33
2
0
13
0
9
0
33
2
0
13
0
9
0
0
0
0
0
0
0
0
33
2
21
13
0
9
0
33
2
21
13
0
9
0
33
2
21
13
0
9
0
0
0
0
0
0
0
0
33
2
31
13
0
9
0
33
2
21
13
0
9
0
33
2
21
13
0
9
0
0
0
86
0
0
0
0
33
2
21
13
0
9
0
33
2
21
13
0
9
0
33
2
21
13
0
9
0
0
0
0
0
0
0
0
33
0
21
13
0
9
0
33
0
21
13
0
9
0
33
0
210
13
0
9
0
0
0
0
0
0
0
0
33
2
21
13
0
9
0
33
2
21
13
0
9
0
33
2
21
13
0
9
0
0
0
0
0
0
0
0
33
2
21
13
0
9
0
33
2
21
13
0
9
0
33
48
21
13
0
9
0
0
0
0
0
0
0
0
33
115
21
13
0
9
0
33
2
21
13
0
9
0
33
2
21
13
0
9
0
0
120
0
0
0
0
0
33
2
21
13
0
9
0
33
2
21
13
0
9
0
33
2
21
13
0
9
0
0
146
0
0
0
0
0
33
2
21
13
0
9
0
33
2
21
13
0
9
0
33
2
21
13
0
9
0
0
0
143
0
0
0
0
33
2
21
13
0
9
0
33
2
21
13
0
9
0
33
2
21
13
0
9
0
0
0
0
0
0
0
0
33
2
21
13
0
9
0
33
2
21
13
0
9
0
33
178
21
13
0
9
0
0
0
0
0
0
0
0
33
2
21
13
0
9
0
33
2
21
13
0
9
0
33
2
21
13
0
188
0
0
0
0
0
0
0
0
33
2
21
13
0
9
0
33
2
21
13
0
9
0
33
211
21
13
0
9
0
