27
0
0
0
0
0
0
0
4
5
27
0
0
4
5
27
0
0
0
27
0
0
0
4
5
27
0
0
4
5
27
0
0
0
57
0
0
0
4
5
27
0
0
4
5
27
0
0
0
61
0
0
0
4
5
27
0
0
4
5
27
0
0
0
65
0
0
0
4
5
27
0
0
4
5
27
0
0
0
102
0
0
0
4
5
27
0
0
4
5
27
0
0
0
134
0
0
0
4
5
27
0
0
4
5
27
0
0
0
140
0
0
0
4
5
27
0
0
4
5
27
0
0
119
0
0
0
0
4
0
27
0
0
4
0
27
0
0
0
0
0
0
0
4
5
27
0
0
4
5
27
0
0
29
0
0
0
0
4
5
27
0
0
4
5
27
0
0
43
0
0
0
0
4
5
27
0
0
4
5
27
0
0
53
0
0
0
0
4
5
27
0
0
4
5
27
0
0
80
0
0
0
0
4
5
27
0
0
4
5
27
0
0
91
0
0
0
0
4
5
27
0
0
4
5
27
0
0
109
0
0
0
0
4
5
27
0
0
4
5
27
0
0
136
0
0
0
0
4
5
27
0
0
4
5
27
0
0
0
0
0
0
0
0
5
145
0
0
0
5
27
0
0
0
0
0
0
0
4
5
27
0
0
4
5
27
0
0
0
0
0
0
0
4
5
49
0
0
4
5
27
0
0
0
0
0
0
0
4
5
74
0
0
4
5
91
0
0
0
0
0
0
0
4
5
27
0
0
4
5
108
0
0
0
0
0
0
0
4
5
27
0
0
4
5
0
0
141
0
0
0
0
0
4
5
0
0
0
4
5
27
0
0
0
0
0
0
0
4
5
27
0
0
4
5
27
0
0
0
0
0
0
0
4
5
27
0
0
4
5
27
0
0
0
0
0
2
0
4
5
27
0
0
4
5
27
0
0
0
145
0
0
0
4
5
27
0
0
4
5
27
0
0
0
0
0
19
0
4
5
27
0
0
4
5
27
0
37
0
0
0
0
0
4
5
27
0
0
4
5
27
33
0
0
0
0
0
0
4
5
27
0
0
4
5
27
0
0
0
0
0
0
0
4
5
27
0
46
4
5
27
0
78
0
0
0
0
0
4
5
27
0
0
4
5
27
0
0
0
0
0
0
90
4
5
27
0
0
4
5
27
0
0
0
0
0
0
99
4
5
27
0
0
4
5
27
0
0
0
0
0
57
0
4
5
27
0
0
4
5
27
0
121
0
0
0
0
0
4
5
27
0
0
4
5
27
0
0
0
0
0
92
0
4
5
27
0
0
4
5
27
121
0
0
0
0
0
0
4
5
27
0
0
4
5
27
0
0
0
0
0
135
0
4
5
27
0
0
4
5
