0
0
23
0
0
0
0
0
89
0
0
0
38
0
0
0
0
0
29
0
0
0
0
0
69
0
0
0
0
0
59
0
0
0
0
0
27
0
0
0
0
0
37
0
0
0
0
0
81
0
0
0
0
0
28
0
0
0
0
0
61
0
0
0
0
0
70
0
0
0
0
0
57
5
0
0
0
0
0
67
0
0
0
0
0
18
0
0
0
0
0
63
0
0
0
0
0
12
0
0
0
0
0
87
0
0
0
0
0
10
0
0
0
0
0
41
0
0
0
0
0
86
0
0
0
0
0
4
0
0
0
0
0
43
0
0
0
0
0
80
0
0
0
0
0
20
0
0
0
0
0
0
60
0
0
0
0
0
47
0
0
0
0
0
44
0
0
0
0
0
70
0
0
0
0
0
44
0
0
0
0
0
72
0
0
0
0
0
33
0
0
0
0
20
0
0
0
0
0
0
73
0
0
0
