0
0
0
57
0
0
0
0
23
57
0
0
0
0
0
57
0
0
38
0
0
57
0
0
67
0
0
57
0
0
136
0
0
57
0
0
195
0
0
57
0
0
222
0
0
57
0
0
259
0
0
57
0
0
340
0
0
57
0
0
368
0
0
57
0
0
429
0
0
57
0
0
0
524
0
0
0
0
0
0
0
57
0
0
0
67
0
57
0
0
0
85
0
57
0
0
0
148
0
57
0
0
0
160
0
57
0
0
0
247
0
57
0
0
0
257
0
57
0
0
0
298
0
57
0
0
0
384
0
57
0
0
0
388
0
57
0
0
0
431
0
57
0
0
0
511
0
57
0
0
0
0
112
57
0
0
0
0
172
57
0
0
0
0
219
57
0
0
0
0
263
57
0
0
0
0
333
57
0
0
0
0
377
57
0
0
0
0
449
57
0
0
0
531
0
57
0
0
0
0
482
57
0
0
