0
503
0
92
0
0
0
0
0
0
0
435
0
0
0
293
0
0
337
0
0
0
0
0
0
234
0
0
0
0
0
0
0
0
272
0
0
0
0
331
0
0
0
0
87
0
0
0
0
1
0
0
0
524
366
0
0
0
0
0
496
0
0
0
0
0
0
0
401
0
0
0
0
108
0
0
0
0
337
0
0
358
0
349
0
0
0
73
0
0
3
0
0
0
556
0
0
0
0
92
0
0
556
0
0
0
0
0
303
303
0
0
0
0
0
0
515
0
0
0
0
0
0
0
0
349
333
0
331
331
0
0
394
0
0
91
0
0
0
0
0
0
192
0
0
214
0
0
0
0
436
0
0
92
0
0
0
0
331
0
331
0
0
0
471
0
0
0
0
0
331
0
0
0
0
170
0
0
0
0
0
0
0
0
0
0
0
523
0
0
0
0
313
0
0
0
0
0
556
0
0
0
0
0
