1
22
14
0
0
0
0
1
0
14
0
31
0
0
138
22
0
0
31
0
0
1
22
14
0
31
0
0
1
22
0
0
0
0
0
1
0
0
0
31
196
0
0
22
0
0
31
54
0
1
22
0
0
31
54
0
1
22
14
0
0
0
0
1
0
14
0
31
54
0
0
22
0
0
31
54
0
1
22
14
0
31
54
0
1
22
14
0
0
0
0
1
0
14
0
31
54
0
0
22
0
0
31
54
0
1
22
14
0
31
54
0
1
22
14
0
110
0
0
1
0
14
0
31
54
0
1
22
0
0
31
54
0
1
22
14
0
31
54
0
0
22
14
0
0
85
0
0
0
14
0
31
54
0
0
22
0
0
31
54
0
0
22
14
0
31
54
0
1
22
14
0
0
0
0
1
0
14
0
31
54
0
0
22
0
0
31
54
0
1
22
14
0
31
54
0
1
22
14
0
0
0
0
1
0
14
149
0
54
0
0
22
0
0
0
54
0
1
22
14
0
0
54
0
1
22
14
0
0
0
0
1
0
14
0
31
54
0
68
22
0
0
31
54
0
1
22
14
0
31
54
0
1
22
21
0
0
0
0
1
0
14
0
31
54
0
0
22
0
0
31
54
0
1
22
14
0
31
54
0
1
22
14
0
0
7
0
1
0
14
0
31
54
0
0
22
0
0
31
54
0
1
22
14
0
31
54
0
1
22
14
0
0
11
0
1
0
14
0
31
54
0
0
22
0
0
31
54
0
1
22
14
0
31
54
0
1
22
14
0
0
0
0
1
0
14
0
31
54
0
0
22
0
0
31
54
0
1
22
14
0
31
54
0
1
22
14
0
0
0
0
1
0
14
6
31
54
0
0
22
0
0
31
54
0
1
22
14
0
31
54
0
1
22
59
0
0
0
0
1
0
14
0
31
54
0
0
22
0
0
31
54
0
1
22
14
0
31
54
0
1
22
14
0
0
0
0
1
0
73
0
31
54
0
0
22
0
0
31
54
0
1
22
14
0
31
54
0
178
0
14
0
0
0
0
1
0
14
0
31
54
0
0
0
0
0
31
54
0
1
0
14
0
31
54
0
1
22
14
0
0
0
0
1
0
14
0
31
54
0
0
22
0
0
31
54
0
1
22
14
0
31
54
0
1
22
14
0
0
0
0
1
0
14
0
31
54
0
0
22
0
0
31
54
0
1
22
14
0
31
54
0
1
22
14
0
30
0
0
1
0
14
0
31
54
0
0
22
0
0
31
54
0
1
22
14
0
31
54
0
1
22
14
0
0
0
0
1
0
74
0
31
54
0
0
22
0
0
31
54
0
1
22
14
0
31
54
0
1
22
14
0
0
0
0
1
0
14
0
31
54
0
0
22
0
0
31
54
0
1
22
129
0
31
54
0
1
22
14
0
0
0
71
1
0
14
0
31
54
0
0
22
0
0
31
54
0
1
22
14
0
31
54
0
1
22
14
0
0
0
146
1
0
14
0
31
54
0
0
22
0
0
31
54
0
1
22
14
0
31
54
0
1
22
14
0
0
144
39
1
0
14
0
31
54
0
0
22
0
0
31
54
0
1
22
14
0
31
54
0
1
22
14
0
0
30
0
1
0
14
0
31
54
0
0
22
0
0
31
54
0
1
22
14
0
31
54
0
1
22
14
0
0
0
0
1
0
14
32
31
54
0
0
22
0
0
31
54
0
1
22
14
0
31
54
0
1
22
14
122
0
0
0
1
0
14
0
31
54
0
0
22
0
0
31
54
0
1
22
14
0
31
54
0
1
22
14
0
0
0
0
1
0
14
0
31
54
0
0
22
0
0
31
54
0
1
22
14
0
31
54
0
1
22
14
0
0
0
0
1
87
14
0
31
54
0
0
22
0
0
31
54
0
1
22
14
0
31
54
0
