1
0
0
0
0
0
0
0
10
29
1
0
0
10
29
1
0
0
36
0
0
0
0
10
29
1
0
0
10
29
1
0
0
57
0
0
0
0
10
29
1
0
0
10
29
1
0
0
181
0
0
0
0
10
0
1
0
0
10
0
1
0
0
76
0
0
0
0
10
29
1
0
0
10
29
1
0
0
87
0
0
0
0
10
29
1
0
0
10
29
1
0
0
123
0
0
0
0
10
29
1
0
0
10
29
1
155
0
0
0
0
0
0
0
29
1
0
0
0
29
1
0
0
3
0
0
0
0
3
29
163
0
0
3
29
1
0
0
0
0
0
0
0
10
29
1
0
0
10
29
1
0
0
129
0
0
0
0
10
29
1
0
0
10
29
23
0
0
0
0
0
0
0
10
29
1
0
0
10
29
1
0
0
0
0
25
0
0
10
29
1
0
0
10
29
1
0
0
0
0
0
0
0
10
29
1
0
0
10
29
1
0
0
0
0
0
0
0
10
29
41
0
0
10
29
1
0
0
0
24
0
0
0
10
29
1
0
0
10
29
1
0
0
0
0
0
0
0
10
29
80
0
0
10
29
1
0
0
160
0
0
0
0
10
29
1
0
0
10
29
1
0
0
0
0
0
0
0
10
29
108
0
0
10
29
1
0
0
0
38
0
0
0
10
29
1
0
0
10
29
1
0
0
0
0
140
0
0
10
29
1
0
0
10
29
1
0
0
0
66
0
0
0
10
29
1
0
0
10
29
0
0
164
0
0
0
0
0
10
29
0
0
0
10
29
1
0
0
0
0
0
0
0
10
29
1
0
0
10
29
1
0
38
0
0
0
0
0
10
29
1
0
0
10
29
1
0
0
0
86
0
0
0
10
29
1
0
0
10
29
1
0
44
0
0
0
0
0
10
29
1
0
0
10
29
1
0
0
0
92
0
0
0
10
29
1
0
0
10
29
1
0
73
0
0
0
0
0
10
29
1
0
0
10
29
1
0
81
0
0
0
0
0
10
29
1
0
0
10
29
1
0
113
0
0
0
0
0
10
29
1
0
0
10
29
1
0
115
0
0
0
0
0
10
29
1
0
0
10
29
1
0
132
0
0
0
0
0
10
29
1
0
0
10
29
1
0
0
161
0
0
0
0
10
29
1
0
0
10
29
1
0
0
0
0
0
0
0
10
29
1
0
0
10
29
1
0
0
0
0
0
0
0
10
29
1
37
0
10
29
1
0
0
0
124
0
0
0
10
29
1
0
0
10
29
1
0
0
0
0
0
65
0
10
29
1
0
0
10
29
1
100
0
0
0
0
0
0
10
29
1
0
0
10
29
1
0
0
0
0
0
133
0
10
29
1
0
0
10
29
1
153
0
0
0
0
0
0
10
29
1
0
0
10
29
1
0
0
0
0
0
182
0
10
29
1
0
0
10
29
