0
0
0
57
0
0
0
0
14
82
0
57
23
0
26
0
8
82
0
0
23
0
26
0
14
82
0
57
23
0
26
0
0
0
0
57
0
0
0
0
14
82
0
57
23
0
26
29
8
82
0
0
23
0
26
0
14
82
0
57
23
0
26
0
0
0
0
57
0
0
0
0
14
82
0
57
23
0
0
236
8
82
0
0
23
0
0
0
14
82
0
57
23
0
0
0
0
0
0
57
0
0
0
0
14
82
0
57
23
0
26
0
8
82
0
0
23
0
26
0
14
82
0
57
23
0
26
0
0
0
0
57
0
0
0
89
14
82
0
57
23
0
26
0
8
82
0
0
23
0
26
0
14
82
0
57
23
0
26
0
0
0
0
57
0
0
0
134
14
82
0
57
23
0
26
0
8
82
0
0
23
0
26
0
14
82
0
57
23
0
26
0
0
0
0
57
0
0
0
0
14
82
0
57
23
0
26
0
8
82
0
0
23
0
26
0
14
82
0
57
23
0
26
171
0
0
0
57
0
0
89
0
14
82
0
57
23
0
26
0
8
82
0
0
23
0
26
0
14
82
0
57
23
0
26
0
0
0
0
57
0
0
199
0
14
82
0
57
23
12
26
0
8
82
0
0
23
0
26
0
14
82
0
57
23
0
26
0
0
0
0
57
0
0
0
0
14
82
0
57
23
0
26
0
8
82
0
0
23
0
26
235
14
82
0
57
23
0
26
0
0
0
0
57
0
0
0
0
14
82
0
57
23
0
26
0
8
82
0
0
23
0
26
0
14
82
0
57
23
0
26
0
0
0
0
57
0
0
0
0
14
82
0
57
23
0
26
0
8
82
0
0
23
11
26
0
14
82
0
57
23
0
26
0
0
0
0
57
0
0
0
0
14
82
0
57
23
84
26
0
8
82
0
0
23
0
26
0
14
82
0
57
23
0
26
0
0
0
0
57
0
188
0
0
14
82
0
57
23
0
26
0
8
82
0
0
23
0
26
0
14
82
0
57
23
0
26
0
0
0
0
57
0
0
0
0
0
82
0
57
23
0
26
0
0
82
0
0
23
195
26
0
0
82
0
57
23
0
26
0
0
0
0
57
0
0
0
0
14
82
0
57
23
0
26
0
8
82
0
0
23
0
26
0
14
82
0
57
23
0
26
0
26
0
0
57
0
0
0
0
14
82
0
57
23
0
26
0
8
82
0
0
23
0
26
0
14
82
0
57
23
0
26
0
72
0
0
57
0
0
0
0
14
82
0
57
23
0
26
0
8
82
0
0
23
0
26
0
14
82
0
57
23
0
26
0
0
0
0
57
0
0
0
0
84
82
0
57
23
0
26
0
8
82
0
0
23
0
26
0
14
82
0
57
23
0
26
0
0
0
0
57
0
0
0
0
14
82
0
57
23
0
26
0
8
82
0
0
23
0
26
0
113
82
0
57
23
0
26
0
127
0
0
57
0
0
0
0
14
82
0
57
23
0
26
0
8
82
0
0
23
0
26
0
14
82
0
57
23
0
26
0
218
0
0
57
0
0
0
0
14
82
0
57
23
0
26
0
8
82
0
0
23
0
26
0
14
82
0
57
23
0
26
0
0
0
0
57
0
0
0
0
8
82
0
57
23
0
26
0
8
82
161
0
23
0
26
0
8
82
0
57
23
0
26
0
0
0
0
57
0
0
0
0
14
82
0
57
0
0
26
0
8
82
0
0
0
0
26
0
192
82
0
57
0
0
26
0
0
0
0
57
0
0
0
0
14
82
0
57
23
0
26
0
8
82
0
0
23
0
26
0
14
82
0
57
23
0
26
0
0
0
0
57
0
0
0
0
14
82
0
57
23
0
26
0
8
82
0
0
23
0
26
0
14
82
0
57
23
0
26
0
0
0
0
57
0
0
0
0
14
82
0
57
23
0
26
0
8
82
0
0
23
0
26
0
14
82
77
57
23
0
26
0
0
0
0
57
0
0
0
0
14
82
0
57
91
0
26
0
8
82
0
0
23
0
26
0
14
82
0
57
23
0
26
0
0
0
0
57
0
0
0
0
14
82
0
57
23
0
26
0
8
82
144
0
23
0
26
0
14
82
0
57
23
0
26
0
0
0
0
0
0
0
0
0
14
82
0
0
23
0
26
0
8
82
0
0
23
0
26
0
14
82
0
0
235
0
26
0
0
0
0
57
0
0
0
0
14
0
0
57
23
0
26
0
8
0
0
0
23
0
26
0
14
0
272
57
23
0
26
0
0
0
0
57
0
0
0
0
14
82
0
57
23
0
26
0
8
82
0
0
23
0
26
0
14
82
0
57
23
0
26
0
0
0
0
57
0
0
0
0
14
82
0
57
23
0
26
0
8
82
0
0
23
0
26
0
14
82
0
57
23
0
26
0
0
0
0
135
0
0
0
0
14
82
0
57
23
0
26
0
8
82
0
0
23
0
26
0
14
82
0
57
23
0
26
0
0
0
0
57
0
0
0
0
14
82
0
57
23
0
26
0
8
82
0
0
23
0
26
0
14
120
0
57
23
0
26
0
0
0
0
166
0
0
0
0
14
82
0
57
23
0
26
0
8
82
0
0
23
0
26
0
14
82
0
57
23
0
26
0
0
0
0
57
0
0
0
0
14
82
0
57
23
0
26
0
8
82
0
0
23
0
26
0
14
183
0
57
23
0
26
0
0
0
0
57
0
0
0
0
14
82
0
57
23
0
26
0
8
82
0
0
140
0
26
0
14
82
0
57
23
0
26
0
0
0
0
57
0
0
0
0
14
82
0
57
23
0
26
0
8
82
0
0
23
0
26
0
14
82
147
57
23
0
26
0
