13
0
0
0
0
18
0
24
0
21
8
0
18
0
24
0
21
8
0
18
0
0
0
21
4
0
0
0
13
0
0
0
0
18
39
24
0
21
8
0
18
0
24
0
21
8
0
18
0
0
0
21
4
0
0
0
13
0
0
0
0
18
0
24
0
21
8
0
18
0
24
0
21
8
0
18
60
0
0
21
4
0
0
0
13
0
0
0
0
18
0
24
0
21
8
0
18
0
24
0
21
8
0
18
0
0
0
21
4
0
0
64
13
0
0
0
0
18
67
24
0
21
8
0
18
0
24
0
21
8
0
18
0
0
0
21
4
0
0
0
13
0
0
0
0
18
0
24
0
21
8
0
18
0
24
0
21
8
0
18
84
0
0
21
4
0
0
0
0
0
0
0
0
18
101
0
0
21
8
0
18
0
0
0
21
8
0
18
0
0
0
21
4
0
0
0
13
0
0
0
0
18
0
24
0
21
8
0
18
0
24
0
21
8
0
18
0
0
0
21
4
0
0
0
13
0
0
0
0
18
85
24
0
21
8
0
18
0
24
0
21
8
0
18
0
0
0
21
4
0
0
0
13
0
0
0
0
18
0
24
0
21
8
0
18
0
24
0
21
8
0
18
0
45
0
21
4
0
0
0
105
0
0
0
0
18
0
24
0
21
0
0
18
0
24
0
21
0
0
18
0
0
0
21
0
0
0
0
13
0
0
0
0
117
0
13
0
21
8
0
18
0
13
0
21
8
0
18
0
0
0
21
4
0
0
0
13
0
0
0
0
18
0
24
0
21
8
0
18
0
24
0
21
8
0
18
0
0
0
21
4
0
0
0
61
0
0
0
0
18
0
24
0
21
8
0
18
0
24
0
21
8
0
18
0
0
0
21
4
0
0
0
13
0
0
0
0
18
0
24
0
21
8
0
18
0
24
0
21
8
0
18
0
0
0
21
4
0
0
0
13
0
0
16
0
18
0
24
0
21
8
0
18
0
24
0
21
8
0
18
0
0
0
21
4
0
0
0
13
0
0
0
0
50
0
24
0
21
8
0
18
0
24
0
21
8
0
18
0
0
0
21
4
0
0
0
13
0
0
50
0
18
0
24
0
21
8
0
18
0
24
0
21
8
0
18
0
0
0
21
4
0
0
0
76
0
0
0
0
18
0
24
0
21
8
0
18
0
24
0
21
8
0
18
0
0
0
21
4
0
0
0
13
0
0
0
106
0
0
24
0
21
8
0
0
0
24
0
21
8
0
0
0
0
0
21
4
0
0
0
13
0
0
0
0
18
0
24
0
113
4
0
18
0
24
0
21
4
0
18
0
0
0
21
4
0
0
0
13
0
0
0
0
18
0
24
0
21
8
0
80
0
24
0
21
8
0
18
0
0
0
21
4
0
0
0
13
0
0
60
0
18
0
24
0
21
8
0
18
0
24
0
21
8
0
18
0
0
0
21
4
0
0
0
13
0
0
0
0
18
0
24
0
21
8
0
18
0
24
0
21
8
0
18
0
0
0
21
4
0
0
0
13
0
0
0
0
18
0
24
0
21
8
0
18
0
24
0
21
8
0
18
0
0
0
21
4
0
0
0
13
0
26
0
0
18
0
24
0
21
8
0
18
0
24
0
21
8
0
18
0
0
0
21
4
0
0
0
13
0
0
0
0
18
0
24
0
21
8
0
18
0
24
0
21
8
0
18
0
0
0
21
68
0
0
0
13
0
0
83
0
18
0
24
0
21
8
0
18
0
24
0
21
8
0
18
0
0
0
21
4
0
0
0
13
109
0
0
0
18
0
24
0
0
8
0
18
0
24
0
0
8
0
18
0
0
0
0
4
0
0
0
13
0
28
0
0
18
0
24
0
21
8
0
18
0
24
0
21
8
0
18
0
0
0
21
4
0
0
0
13
0
0
0
0
18
0
24
0
21
8
0
18
0
24
0
51
8
0
18
0
0
0
21
4
0
0
0
13
0
0
0
0
103
0
24
0
21
8
0
18
0
24
0
21
8
0
18
0
0
0
21
4
0
0
0
13
0
0
0
0
18
0
24
0
21
8
0
18
0
24
0
21
8
0
18
0
0
0
21
4
0
0
0
13
34
0
0
0
18
0
24
0
21
8
0
18
0
24
0
21
8
0
18
0
0
0
21
4
0
0
0
13
0
0
0
40
18
0
24
0
21
8
0
18
0
24
0
21
8
0
18
0
0
0
21
4
0
0
0
13
0
0
0
0
18
0
24
0
21
8
0
18
0
24
0
21
8
78
18
0
0
0
21
4
0
0
0
13
0
0
0
0
18
0
24
0
21
8
0
18
0
24
0
21
8
0
18
0
0
0
21
4
121
0
0
13
0
0
0
0
18
0
24
0
21
8
0
18
0
24
0
21
100
0
18
0
0
0
21
4
0
0
0
13
0
0
0
0
18
0
24
0
21
8
0
18
0
24
0
21
8
0
18
0
0
0
21
105
0
0
0
13
0
0
0
0
18
0
24
0
21
126
0
18
0
24
0
21
8
0
18
0
0
0
21
4
0
0
0
13
0
0
0
0
18
0
24
0
21
8
0
18
86
24
0
21
8
0
18
0
0
0
21
4
0
0
0
13
0
49
0
0
18
0
24
0
21
8
0
18
0
24
0
21
8
0
18
0
0
0
21
4
0
0
0
13
0
53
0
0
18
0
24
0
21
8
0
18
0
24
0
21
8
0
18
0
0
0
21
4
0
0
0
13
0
0
0
0
18
0
24
0
21
8
0
18
0
24
0
92
8
0
18
0
0
0
21
4
0
0
0
13
0
0
0
0
18
0
24
0
21
8
0
18
0
24
0
21
8
0
18
0
0
40
21
4
0
0
0
13
0
0
0
0
18
0
24
0
21
8
0
18
0
24
0
21
8
0
18
0
0
68
21
4
0
0
0
13
0
0
0
0
18
0
24
0
21
8
0
18
0
24
0
21
8
0
18
0
0
107
21
4
0
0
0
