0
0
0
0
0
0
0
6
0
0
0
0
6
0
0
0
0
0
0
0
0
3
6
0
0
0
0
6
0
0
0
0
0
0
0
0
0
6
0
0
0
0
6
0
0
0
0
0
0
0
0
4
6
0
0
0
0
6
0
0
0
0
0
0
0
0
0
6
0
0
0
0
6
0
0
0
0
0
0
0
0
0
0
0
0
16
0
0
0
0
0
0
0
0
0
0
0
6
0
0
0
0
6
0
0
0
0
0
0
0
3
0
6
0
0
0
0
6
0
0
0
0
0
0
0
0
0
6
5
0
0
0
6
0
0
0
0
0
0
0
0
0
6
0
0
0
0
6
0
0
0
0
0
0
0
0
12
6
0
0
0
0
6
0
0
0
0
0
0
0
0
0
6
0
0
0
0
6
0
10
0
0
0
0
0
0
0
6
0
0
0
0
11
0
0
0
0
0
0
0
8
0
6
0
0
0
0
6
0
0
0
0
0
0
0
0
0
6
0
0
0
0
6
13
0
0
0
0
0
0
0
18
6
0
0
0
0
6
0
0
0
0
0
0
15
0
0
6
0
0
0
0
6
0
0
