0
0
0
0
58
7
0
0
11
10
0
0
42
0
37
0
11
10
0
0
58
7
37
0
11
10
0
0
0
7
539
0
0
0
0
0
58
7
0
42
11
10
0
0
42
0
37
0
11
10
0
0
58
7
37
42
11
10
0
0
0
7
37
42
0
0
0
0
58
7
0
42
11
10
0
0
42
0
63
0
11
10
0
0
58
7
37
42
11
10
0
0
0
7
37
42
0
0
0
0
58
7
50
42
11
10
0
0
42
0
37
0
11
10
0
0
58
7
37
42
11
10
0
0
0
7
37
42
0
0
0
0
58
7
108
42
11
10
0
0
42
0
37
0
11
10
0
0
58
7
37
42
11
10
0
0
0
7
37
42
0
0
0
0
58
7
0
42
11
10
0
0
42
0
37
0
11
10
0
0
58
7
37
42
11
10
0
0
0
7
191
42
0
0
0
0
58
0
0
42
11
10
0
0
509
0
37
0
11
10
0
0
58
0
37
42
11
10
0
0
0
0
37
42
0
0
0
0
58
7
0
42
11
10
0
0
42
0
37
0
11
10
0
0
58
7
37
42
11
10
0
0
0
7
37
42
543
0
0
0
0
7
0
42
11
10
0
0
0
0
37
0
11
10
0
0
0
7
37
42
11
10
0
0
0
7
37
42
0
0
0
0
58
7
0
42
0
10
0
0
42
0
37
0
0
10
0
0
58
7
37
42
0
10
471
0
0
7
37
42
0
0
0
0
58
7
0
42
11
10
0
0
42
0
37
0
11
10
0
0
58
7
37
42
11
10
0
0
0
7
37
42
0
0
0
0
58
7
0
42
11
10
0
0
42
0
37
0
11
10
0
0
58
7
37
42
11
10
0
0
0
7
37
42
0
0
0
0
58
7
0
42
11
10
0
0
42
0
37
0
11
10
0
0
142
7
37
42
11
10
0
0
0
7
37
42
0
0
0
0
58
7
0
42
33
10
0
0
42
0
37
0
11
10
0
0
58
7
37
42
11
10
0
0
0
7
37
42
61
0
0
0
58
7
0
42
11
10
0
0
42
0
37
0
11
10
0
0
58
7
37
42
11
10
0
0
0
7
37
42
0
0
0
0
58
7
0
42
11
10
0
0
42
0
37
0
143
10
0
0
58
7
37
42
11
10
0
0
0
7
37
42
0
0
0
0
58
7
0
42
159
10
0
0
42
0
37
0
11
10
0
0
58
7
37
42
11
10
0
0
0
7
37
42
0
0
0
0
58
7
0
42
11
10
0
0
42
0
37
0
234
10
0
0
58
7
37
42
11
10
0
0
0
7
37
42
0
0
0
0
209
7
0
42
11
10
0
0
42
0
37
0
11
10
0
0
58
7
37
42
11
10
0
0
0
7
37
42
0
0
0
0
58
7
0
42
236
10
0
0
42
0
37
0
11
10
0
0
58
7
37
42
11
10
0
0
0
7
37
42
255
0
0
0
58
7
0
42
11
10
0
0
42
0
37
0
11
10
0
0
58
7
37
42
11
10
0
0
0
7
37
42
0
0
0
0
58
7
0
42
315
10
0
0
42
0
37
0
11
10
0
0
58
7
37
42
11
10
0
0
0
7
37
42
0
0
0
0
58
7
0
42
11
10
0
0
42
0
37
0
11
10
0
0
58
7
37
42
11
10
0
0
0
7
37
42
340
0
0
0
58
7
0
42
11
10
0
0
42
0
37
0
11
10
0
0
58
7
37
42
11
10
0
0
0
7
37
42
0
0
0
0
58
7
0
42
11
10
0
0
42
0
37
0
11
10
70
0
58
7
37
42
11
10
0
0
0
7
37
42
0
0
0
0
58
7
207
42
11
10
0
0
42
0
37
0
11
10
0
0
58
7
37
42
11
10
0
0
0
7
37
42
0
0
0
0
58
7
0
42
11
10
0
0
42
0
37
0
11
10
0
0
58
7
37
42
11
10
0
0
0
7
319
42
0
0
0
0
58
7
0
42
11
10
0
0
42
0
357
0
11
10
0
0
58
7
37
42
11
10
0
0
0
7
37
42
0
0
0
0
58
7
355
42
11
10
0
0
42
0
37
0
11
10
0
0
58
7
37
42
11
10
0
0
0
7
37
42
0
0
0
0
58
7
0
42
11
10
0
0
42
0
0
0
11
10
0
0
58
7
0
42
11
10
0
0
0
504
0
42
377
0
0
0
58
7
0
42
11
10
0
0
42
0
37
0
11
10
0
0
58
7
37
42
11
10
0
0
0
7
37
42
0
0
0
0
58
7
0
42
11
10
0
0
42
0
37
0
11
10
0
0
58
7
37
42
11
10
0
0
210
7
37
42
0
0
0
0
58
7
0
42
11
10
0
0
42
0
37
0
11
10
0
0
58
7
37
42
11
10
0
0
242
7
37
42
0
0
0
0
58
7
0
42
11
10
0
0
328
0
37
0
11
10
0
0
58
7
37
42
11
10
0
0
0
7
37
42
0
0
0
0
42
7
0
42
11
10
0
476
42
0
37
0
11
10
0
0
42
7
37
42
11
10
0
0
0
7
37
42
0
0
0
0
58
7
0
42
11
10
0
0
42
0
37
0
11
10
0
0
58
7
37
42
11
10
0
0
0
7
37
42
0
0
0
0
58
7
0
42
11
10
0
0
42
0
411
0
11
10
0
0
58
7
37
42
11
10
0
0
0
7
37
42
0
0
0
0
58
7
0
42
11
10
0
0
42
0
37
0
11
10
114
0
58
7
37
42
11
10
0
0
0
7
37
42
0
0
161
0
58
7
0
42
11
10
0
0
42
0
37
0
11
10
0
0
58
7
37
42
11
10
0
0
0
7
37
42
0
0
170
0
58
7
0
42
11
10
0
0
42
0
37
0
11
10
0
0
58
7
37
42
11
10
0
0
0
7
37
42
0
0
0
0
58
7
0
42
11
10
0
0
42
0
37
0
11
10
197
0
58
7
37
42
11
10
0
0
0
7
37
42
0
0
0
0
58
7
0
42
11
10
0
0
42
0
37
0
11
10
255
0
58
7
37
42
11
10
0
0
0
7
37
42
0
0
0
0
58
7
0
42
11
10
0
0
42
0
37
0
11
10
0
0
58
7
37
42
11
10
0
0
353
7
37
42
0
0
0
0
58
7
0
42
481
0
0
0
42
0
37
0
11
0
0
0
58
7
37
42
11
0
0
0
0
7
37
42
0
0
0
0
58
7
0
42
11
10
0
0
42
0
37
0
11
10
0
0
58
7
37
42
11
10
0
0
0
7
37
42
0
75
0
0
58
7
0
42
11
10
0
0
42
0
37
0
11
10
0
0
58
7
37
42
11
10
0
0
0
7
37
42
0
162
0
0
58
7
0
42
11
10
0
0
42
0
37
0
11
10
0
0
58
7
37
42
11
10
0
0
0
7
37
42
0
231
0
0
58
7
0
42
11
10
0
0
42
0
37
0
11
10
0
0
58
7
37
42
11
10
0
0
0
7
37
42
0
0
0
0
58
7
0
42
11
10
318
0
42
0
37
0
11
10
0
0
58
7
37
42
11
10
0
0
0
7
37
42
0
0
0
0
58
7
0
42
11
10
0
0
42
0
37
0
11
10
0
0
58
7
37
42
11
10
0
0
0
7
37
42
0
0
0
0
58
7
0
42
11
10
0
0
42
0
37
0
11
10
0
0
58
78
37
42
11
10
0
0
0
7
37
42
0
0
0
0
58
7
0
42
11
10
0
0
42
0
37
0
11
10
0
0
58
7
37
42
11
10
0
0
0
151
37
42
0
0
0
0
58
7
0
42
11
10
0
0
42
0
37
0
11
10
0
0
58
7
37
43
11
10
0
0
0
7
37
42
0
0
0
0
58
155
0
42
11
10
0
0
42
0
37
0
11
10
0
0
58
7
37
42
11
10
0
0
0
7
37
42
0
0
0
0
58
7
0
42
11
10
0
0
42
0
37
0
11
325
0
0
58
7
37
42
11
10
0
0
0
7
37
42
0
0
0
0
58
7
0
42
11
10
0
40
42
0
37
0
11
10
0
0
58
7
37
42
11
10
0
0
0
7
37
42
0
0
0
114
58
7
0
42
11
10
0
0
42
0
37
0
11
10
0
0
58
7
37
42
11
10
0
0
0
7
37
42
0
0
0
0
58
7
0
42
11
10
0
0
42
0
37
0
11
10
0
125
58
7
37
42
11
10
0
0
0
7
37
42
0
0
0
129
58
7
0
42
11
10
0
0
42
0
37
0
11
10
0
0
58
7
37
42
11
10
0
0
0
7
37
42
0
0
0
0
58
7
0
42
11
10
0
211
42
0
37
0
11
10
0
0
58
7
37
42
11
10
0
0
0
7
37
42
0
0
0
0
58
7
0
42
11
10
0
0
42
0
37
0
11
10
0
0
58
7
449
42
11
10
0
0
0
7
37
42
0
0
0
0
58
7
0
42
11
10
387
0
42
0
37
0
11
10
0
0
58
7
37
42
11
10
0
0
0
7
37
42
0
0
0
0
58
7
0
42
11
10
0
0
42
0
37
0
11
10
0
0
58
7
37
42
11
10
447
0
0
7
37
42
0
0
0
0
58
7
0
42
11
10
0
0
42
0
37
0
11
10
0
0
58
7
37
44
11
10
0
0
0
7
37
42
0
0
0
0
58
7
0
103
11
10
0
0
42
0
37
0
11
10
0
0
58
7
37
42
11
10
0
0
0
7
37
42
0
0
0
0
58
7
0
105
11
10
0
0
42
0
37
0
11
10
0
0
58
7
37
42
11
10
0
0
0
7
37
42
0
0
0
0
463
7
0
42
11
10
0
0
42
0
37
0
11
10
0
0
58
7
37
42
11
10
0
0
0
7
37
42
0
0
0
0
58
7
0
42
11
10
0
0
42
0
37
0
11
10
0
0
58
7
37
165
11
10
0
0
0
7
37
42
0
0
0
0
58
7
0
42
11
10
0
0
42
0
37
0
11
10
0
0
58
7
37
241
11
10
0
0
0
7
37
42
0
0
0
0
58
7
0
262
11
10
0
0
42
0
37
0
11
10
0
0
58
7
37
42
11
10
0
0
0
7
37
42
0
0
0
0
58
7
0
42
11
10
0
0
42
0
37
305
11
10
0
0
58
7
37
42
11
10
0
0
0
7
37
42
0
0
0
0
58
7
0
42
11
10
0
0
42
0
37
0
11
10
0
0
58
7
37
409
11
10
0
0
0
7
37
42
0
0
0
0
58
7
0
42
11
10
0
0
42
0
37
0
11
10
0
0
58
7
37
42
11
10
474
0
0
7
37
42
0
0
0
0
58
7
0
42
11
10
0
0
42
210
37
0
11
10
0
0
58
7
37
42
11
10
0
0
0
7
37
42
0
0
0
0
58
296
0
42
11
10
0
0
42
0
37
0
11
10
0
0
58
7
37
42
11
10
0
0
0
7
37
42
0
0
0
0
58
7
0
42
11
10
0
0
42
378
37
0
11
10
0
0
58
7
37
42
11
10
0
0
0
7
37
42
0
0
0
0
58
447
0
42
11
10
0
0
42
0
37
0
11
10
0
0
58
7
37
42
11
10
0
0
0
7
37
42
0
0
0
0
58
452
0
42
11
10
0
0
42
0
37
0
11
10
0
0
58
7
37
42
11
10
0
0
0
7
37
42
0
0
0
0
58
7
0
42
11
10
0
0
42
0
37
0
11
10
0
0
58
7
37
487
11
10
0
0
0
7
37
42
0
0
0
0
58
7
0
42
11
10
0
292
42
0
37
0
11
10
0
0
58
7
37
42
11
10
0
0
0
7
37
42
0
0
0
349
58
7
0
42
11
10
0
0
42
0
37
0
11
10
0
0
58
7
37
42
11
10
0
0
0
7
37
42
0
0
0
0
58
7
0
42
11
10
0
381
42
0
37
0
11
10
0
0
58
7
37
42
11
10
0
0
0
7
37
42
0
0
0
426
58
7
0
42
11
10
0
0
42
0
37
0
11
10
0
0
58
7
37
42
11
10
0
0
0
7
37
42
0
0
0
440
58
7
0
42
11
10
0
0
42
0
37
0
11
10
0
0
58
7
37
42
11
10
0
0
0
7
37
42
0
0
0
0
58
7
0
42
11
10
0
0
42
0
37
0
11
10
0
0
58
7
511
42
11
10
0
0
0
7
37
42
0
324
0
0
58
7
0
42
11
10
0
0
42
0
37
0
11
10
0
0
58
7
37
42
11
10
0
0
0
7
37
42
0
0
0
0
58
7
0
42
11
10
0
0
42
0
37
0
11
342
0
0
58
7
37
42
11
10
0
0
0
7
37
42
0
343
0
0
58
7
0
42
11
10
0
0
42
0
37
0
11
10
0
0
58
7
37
42
11
10
0
0
0
7
37
42
0
420
0
0
58
7
0
42
11
10
0
0
42
0
37
0
11
10
0
0
58
7
37
42
11
10
0
0
0
7
37
42
0
0
0
0
58
7
0
42
11
467
0
0
42
0
37
0
11
10
0
0
58
7
37
42
11
10
0
0
0
7
37
42
0
487
0
0
58
7
0
42
11
10
0
0
42
0
37
0
11
10
0
0
58
7
37
42
11
10
0
0
0
7
37
42
