0
0
0
0
2
0
10
0
0
0
2
0
17
0
0
0
2
0
21
0
0
0
2
0
29
0
0
0
2
0
36
0
0
0
2
0
37
0
0
0
2
0
45
0
0
0
2
0
48
0
0
0
2
0
58
0
0
0
2
0
66
0
0
0
2
0
70
0
0
0
2
0
78
0
0
0
2
0
83
0
0
0
2
0
88
0
0
0
2
0
95
0
0
0
2
0
96
0
0
0
2
0
0
0
0
0
2
0
0
0
6
0
2
0
0
0
16
0
2
0
103
0
0
0
2
0
0
0
19
0
2
0
0
0
25
0
2
0
104
0
0
0
2
0
105
0
0
0
2
0
106
0
0
0
2
0
0
0
29
0
2
0
0
0
32
0
2
0
107
0
0
0
2
0
0
0
34
0
2
0
108
0
0
0
2
0
0
0
38
0
2
0
109
0
0
0
2
0
0
0
42
0
2
0
110
0
0
0
2
0
111
0
0
0
2
0
0
0
48
0
2
0
0
0
107
0
0
0
0
0
0
0
2
0
0
8
0
0
2
0
0
16
0
0
2
0
0
25
0
0
2
0
112
0
0
0
2
0
0
0
50
0
2
0
0
0
57
0
2
0
0
0
59
0
2
0
0
0
65
0
2
0
113
0
0
0
2
0
0
31
0
0
2
0
0
0
0
0
37
0
0
0
0
0
40
0
0
0
0
0
43
0
0
0
0
0
53
0
0
0
0
0
63
0
0
0
0
0
67
0
0
0
0
0
77
0
0
0
74
0
2
0
0
0
83
0
2
0
0
0
89
0
2
0
0
0
94
0
2
0
0
0
103
0
2
0
0
0
0
0
85
0
0
0
0
0
90
0
0
0
0
0
94
0
0
0
0
0
104
0
