0
0
22
1
0
0
0
0
0
0
0
59
46
0
0
0
0
46
0
0
0
0
0
82
56
0
0
0
0
0
0
0
0
4
0
0
0
115
2
0
0
0
0
0
0
0
0
0
0
0
0
0
0
66
0
0
0
0
0
107
0
0
0
0
5
0
0
0
0
0
9
0
0
0
0
0
0
76
0
0
0
0
18
0
0
0
0
35
0
0
0
0
0
0
4
0
0
0
0
0
0
100
0
0
10
0
0
0
0
0
0
0
0
90
0
0
0
1
0
0
0
0
0
0
0
81
0
0
0
42
0
0
0
14
0
0
0
0
0
0
0
0
0
0
63
0
0
0
0
0
0
0
0
0
0
1
0
41
0
0
0
0
0
0
0
0
0
55
0
0
0
0
0
0
66
0
0
0
0
0
0
0
0
0
0
0
66
0
0
31
0
0
0
0
0
0
17
0
0
1
1
0
0
0
0
0
1
0
0
0
0
0
0
0
3
0
64
0
0
0
0
0
0
8
0
0
0
0
79
0
0
0
0
0
48
0
0
0
3
0
70
0
0
0
0
0
0
24
0
0
0
0
0
7
0
0
0
0
0
34
0
0
0
0
46
0
0
48
0
0
0
0
16
0
0
0
0
0
0
51
3
0
45
0
0
0
0
0
0
30
0
0
0
0
0
0
0
48
0
0
0
0
0
60
0
0
0
44
0
0
0
0
0
105
0
0
0
0
0
0
0
63
0
0
95
0
0
0
0
0
87
0
0
1
0
0
0
0
0
1
23
0
0
18
0
0
0
0
0
8
0
0
0
50
0
0
109
0
0
0
0
0
101
0
5
0
0
96
0
35
0
0
0
101
0
0
3
0
70
0
0
0
70
0
105
0
0
0
0
0
