0
0
0
0
18
0
0
11
0
0
0
0
314
0
0
0
0
0
0
0
18
0
0
11
0
0
0
0
34
0
0
11
0
0
0
0
58
0
0
11
0
0
0
0
87
0
0
11
0
0
0
0
104
0
0
11
0
0
0
0
139
0
0
11
0
0
0
0
157
0
0
11
0
0
0
0
182
0
0
11
187
0
0
0
18
0
0
11
202
0
0
0
18
0
0
11
214
0
0
0
18
0
0
11
0
0
0
0
266
0
0
11
0
0
0
0
271
0
0
11
0
0
0
0
285
0
0
11
0
0
0
0
18
0
0
11
0
0
0
0
18
0
31
11
0
0
0
0
18
0
48
11
0
0
0
0
18
0
73
11
292
0
0
0
18
0
0
11
0
0
0
0
0
303
0
11
0
0
0
0
18
0
0
11
0
37
0
0
18
0
0
11
0
0
101
0
18
0
0
11
0
0
0
0
18
0
119
11
0
0
139
0
18
0
0
11
0
0
145
0
18
0
0
11
0
0
0
0
18
70
0
11
0
94
0
0
18
0
0
11
0
0
0
0
18
0
0
40
0
98
0
0
18
0
0
11
0
0
0
0
18
0
158
11
0
0
0
0
18
0
179
11
0
0
0
0
18
0
218
11
0
0
0
0
18
0
238
11
0
116
0
0
18
0
0
11
0
135
0
0
18
0
0
11
0
157
0
0
18
0
0
11
0
0
0
0
18
193
0
11
0
0
0
0
18
0
263
11
0
0
0
0
18
0
0
41
0
0
0
0
18
0
0
80
0
0
0
0
18
0
0
88
0
0
0
0
18
0
0
101
0
0
0
0
18
0
0
109
0
0
0
0
18
0
0
145
0
0
0
0
18
0
0
174
0
0
0
0
18
0
287
11
0
0
0
194
18
0
0
11
0
0
0
195
18
0
0
11
0
0
0
0
18
0
0
221
0
0
0
0
18
0
0
231
0
0
0
0
18
0
0
253
0
0
0
0
18
0
0
281
0
0
0
0
18
0
0
309
0
0
0
0
18
207
0
11
0
0
0
0
18
215
0
11
0
243
0
0
18
0
0
11
0
262
0
0
18
0
0
11
0
265
0
0
18
0
0
11
