296
0
0
0
0
0
0
296
0
0
56
0
0
0
0
0
1
0
0
0
0
0
0
0
0
0
0
255
0
0
0
0
0
16
0
0
0
0
0
0
0
0
0
0
90
0
0
0
0
0
0
0
0
178
0
261
60
0
0
0
0
0
0
0
0
0
0
0
1
0
0
0
0
0
0
0
0
0
299
0
0
1
0
0
0
0
0
0
0
0
24
0
0
0
0
0
0
0
0
0
0
0
0
151
0
0
0
0
0
0
0
185
0
0
0
0
0
164
0
0
0
0
0
0
0
0
322
0
0
0
0
0
0
0
81
0
0
0
0
0
0
197
0
0
0
0
0
0
0
0
113
0
0
0
0
0
0
0
28
0
0
0
36
0
0
0
0
0
0
0
0
0
0
0
259
0
116
0
0
0
0
0
0
0
0
0
214
0
0
0
0
0
0
0
0
0
0
0
0
212
0
0
0
0
0
0
325
20
0
323
0
0
0
113
113
0
0
0
0
242
0
0
0
0
0
0
0
0
0
140
0
0
0
58
0
0
0
0
0
0
0
0
0
44
0
0
0
0
0
0
0
279
0
0
0
0
0
0
0
0
0
119
0
0
0
0
0
0
0
0
0
0
0
0
0
0
0
279
0
0
0
0
0
0
0
0
56
0
0
0
0
0
0
178
0
0
0
0
0
0
0
0
0
0
0
62
0
0
0
0
0
0
0
0
0
0
0
0
0
190
0
325
0
0
0
0
0
0
77
0
0
0
0
0
0
0
0
323
0
0
0
0
22
0
0
45
0
0
0
0
0
0
0
0
0
0
0
0
0
204
153
0
0
0
0
0
0
0
0
0
0
0
0
250
0
0
0
0
0
0
0
0
0
230
0
0
0
0
0
213
0
0
0
0
0
0
0
0
112
0
17
0
0
0
0
0
0
0
0
0
204
0
0
0
0
204
0
0
0
22
0
0
0
0
189
0
0
0
0
0
0
0
32
0
0
0
0
0
0
0
0
0
40
0
0
0
0
0
0
0
0
0
26
0
0
0
0
0
0
297
0
0
0
0
0
0
0
0
72
0
0
0
0
0
0
45
0
0
0
0
0
0
0
0
34
0
0
0
