0
0
88
0
0
0
0
0
0
0
74
0
0
0
0
0
0
0
0
0
0
0
32
0
0
0
14
0
0
0
0
0
24
0
66
0
0
0
0
0
51
0
0
0
0
0
0
0
44
0
0
0
0
0
0
0
50
0
0
0
0
0
0
0
80
0
0
0
0
0
0
0
26
0
0
6
0
0
0
0
0
0
0
57
0
0
0
0
0
0
0
52
0
0
0
0
0
0
0
8
0
0
0
0
0
0
0
90
0
0
0
0
0
28
0
61
0
0
0
0
0
0
0
0
0
7
0
0
0
5
0
0
0
0
0
0
0
29
0
0
0
0
0
0
0
0
0
0
0
28
0
0
0
53
0
0
0
0
0
0
0
55
0
0
0
0
0
0
0
0
0
0
0
42
0
0
0
24
0
0
0
0
0
0
0
4
0
0
0
0
0
0
