0
0
0
0
0
28
66
6
0
0
88
0
0
28
66
6
0
0
0
0
0
28
228
6
0
0
194
0
0
28
66
6
251
0
0
0
0
28
0
6
0
0
0
0
0
28
66
6
51
0
0
0
0
28
66
6
95
0
0
0
0
28
66
6
145
0
0
0
0
28
66
6
225
0
0
0
0
28
66
0
0
0
0
0
0
28
66
6
0
0
0
57
0
28
66
6
0
0
0
109
0
28
66
6
0
0
0
117
0
28
66
6
0
0
0
214
0
0
66
6
0
0
0
0
0
28
66
6
0
7
0
0
0
28
66
6
0
12
0
0
0
28
66
6
0
0
0
0
0
69
66
6
0
69
0
0
0
28
66
6
0
122
0
0
0
28
66
6
0
0
0
0
0
205
66
6
0
219
0
0
0
28
66
6
0
243
0
0
0
28
66
6
