0
0
39
0
0
0
0
0
0
267
0
0
0
0
8
0
0
0
0
0
0
0
259
0
0
0
0
0
0
0
245
0
169
0
0
0
0
0
0
0
0
168
0
0
0
0
0
0
0
0
0
0
0
0
201
0
0
40
7
226
0
0
0
0
0
0
0
0
0
0
0
0
0
0
7
0
0
0
0
0
0
0
0
0
0
33
0
0
0
219
0
0
0
0
0
0
0
0
0
0
0
0
0
0
0
0
0
0
0
0
0
0
80
0
0
0
0
0
0
0
0
0
0
0
0
0
0
0
0
163
0
0
0
0
0
0
0
238
0
0
0
0
0
0
0
0
0
90
0
0
0
0
0
0
0
118
0
0
0
0
0
0
0
0
0
0
0
0
0
0
0
0
0
90
0
0
0
139
0
0
0
0
0
0
0
0
0
0
0
132
0
0
