0
0
0
0
0
0
0
0
76
0
0
0
0
0
0
0
0
0
0
0
0
0
0
0
0
0
0
0
584
0
0
0
0
597
0
0
0
0
0
0
0
0
0
0
0
0
0
0
0
0
0
0
0
0
0
0
0
603
0
0
584
0
0
0
0
0
0
0
0
2
584
0
0
584
1
0
0
600
0
0
0
0
0
0
0
0
0
0
0
0
0
0
0
0
0
0
105
0
0
0
0
0
0
0
0
0
0
0
0
0
0
0
0
0
0
644
0
0
0
0
0
0
0
194
0
0
0
0
0
0
0
0
0
0
0
0
0
0
0
0
633
0
0
0
0
513
0
0
0
0
633
35
0
0
0
617
36
0
0
0
0
0
0
0
0
0
0
0
0
0
0
0
0
0
0
0
16
0
0
659
0
0
0
0
0
0
0
5
0
0
0
659
0
0
0
0
658
0
0
0
0
117
0
0
0
0
0
0
0
0
0
0
0
0
0
0
117
0
0
0
0
0
636
0
0
0
0
0
0
0
0
0
151
0
0
0
0
0
0
0
0
0
0
91
0
0
0
0
0
0
0
0
0
0
0
0
0
0
0
0
0
48
0
0
0
0
0
0
0
0
0
0
62
0
0
0
655
0
0
0
0
0
0
0
0
470
0
0
0
0
0
0
0
0
0
644
0
0
0
0
0
0
0
0
0
0
0
0
0
0
567
0
0
0
0
584
618
0
0
0
0
0
0
0
0
0
0
0
0
0
659
0
0
0
0
0
0
0
0
0
0
0
0
0
0
0
0
0
0
0
0
0
0
0
86
0
0
0
0
0
0
0
0
147
0
0
0
0
0
0
0
0
0
0
0
0
0
0
6
0
0
0
0
0
0
0
0
0
0
0
659
0
0
0
0
0
0
0
0
0
0
33
0
0
0
0
0
0
0
0
597
0
0
0
0
0
0
0
0
0
0
0
0
0
0
0
0
0
0
0
0
0
0
0
0
0
0
0
0
0
0
0
0
0
0
0
0
0
0
216
0
0
0
0
0
0
0
0
0
15
0
0
0
0
0
0
0
0
0
0
0
0
0
0
0
0
0
0
0
302
0
0
536
0
0
0
0
0
0
0
0
0
0
0
0
0
0
0
0
0
0
0
0
0
0
0
0
0
0
656
0
0
460
0
0
0
0
0
0
0
0
0
0
0
0
0
0
0
0
0
0
0
0
0
0
0
0
0
546
0
0
0
0
0
0
0
0
0
0
0
0
0
0
0
58
0
554
0
0
0
0
0
0
0
0
0
0
0
0
0
0
0
0
0
53
0
0
0
0
0
0
0
0
0
0
0
0
0
0
0
0
0
0
0
0
0
0
0
0
0
0
35
0
0
0
0
0
0
0
0
0
0
0
0
0
0
0
0
0
0
0
0
0
0
0
0
0
0
0
131
0
36
0
0
0
0
0
0
0
0
0
659
0
0
0
101
0
0
0
0
0
0
0
0
0
0
0
0
0
0
0
0
0
0
0
554
0
0
0
0
0
0
0
0
0
0
0
0
0
0
0
0
0
134
0
0
0
0
0
0
0
0
0
0
0
0
0
0
0
0
0
0
0
0
0
0
384
0
0
0
0
0
0
0
0
0
0
0
0
0
0
0
0
0
1
0
0
0
0
0
0
0
0
0
0
0
0
0
0
0
0
0
0
0
0
0
0
0
0
2
0
0
0
0
0
0
0
72
0
0
0
0
0
0
0
0
0
0
0
0
0
0
0
0
0
0
0
0
0
69
0
486
0
0
0
0
0
0
0
0
0
0
0
0
0
0
0
0
0
0
0
0
0
0
0
0
0
0
0
0
0
0
0
0
0
567
0
0
0
0
0
0
0
0
0
0
398
0
0
0
0
0
0
0
0
0
0
0
0
0
0
0
0
0
0
529
0
0
0
0
0
0
0
0
0
659
0
0
0
0
0
0
69
0
0
0
0
0
0
0
0
0
398
0
0
0
0
0
134
0
0
0
0
0
0
29
0
0
0
0
0
0
0
0
0
0
0
0
0
0
526
0
0
0
0
0
0
0
0
0
0
0
33
0
0
0
0
0
0
0
0
0
0
0
0
0
0
0
0
0
624
0
0
0
0
0
0
0
0
0
0
624
0
0
0
0
0
0
0
0
0
0
0
0
0
0
0
0
598
58
