0
47
16
0
0
0
596
0
33
0
0
47
16
33
0
27
47
16
0
0
27
0
0
33
0
0
47
16
33
0
27
47
16
0
0
36
0
0
33
0
0
47
16
33
0
27
47
16
0
0
27
0
0
33
0
71
47
16
33
0
27
47
16
0
0
27
0
0
0
0
602
47
16
0
0
27
47
16
0
0
160
0
0
33
0
0
47
16
33
0
27
47
16
0
0
237
0
0
33
0
0
47
16
33
0
27
47
16
0
0
249
0
0
33
0
0
47
16
33
0
27
47
16
0
0
27
0
0
33
0
0
47
16
33
0
27
47
16
58
0
27
0
0
33
0
0
47
16
33
0
27
47
16
138
0
27
0
0
33
0
0
47
16
33
0
27
47
16
209
0
27
0
0
33
0
0
47
16
33
0
27
47
16
226
0
27
0
0
33
0
0
47
16
33
0
27
47
0
585
0
27
0
0
33
0
0
47
0
33
0
27
47
16
0
0
27
0
0
33
0
0
47
16
33
0
27
47
52
0
0
27
0
0
33
0
0
47
16
33
0
27
47
124
0
0
27
0
0
33
0
0
47
16
33
0
270
47
16
0
0
27
0
0
33
0
0
47
16
33
0
27
47
180
0
0
27
0
0
33
0
0
47
16
33
0
27
47
16
290
0
27
0
0
33
0
0
47
16
33
0
27
47
16
346
0
27
0
0
33
0
0
47
16
33
0
27
47
204
0
0
27
0
0
33
0
0
47
16
33
0
27
47
16
363
0
27
0
0
33
0
0
47
16
33
0
27
47
244
0
0
27
0
0
33
0
0
47
16
33
0
27
47
322
0
0
27
0
0
33
0
0
47
16
33
0
27
47
16
0
0
27
0
0
33
0
0
47
16
33
0
27
47
16
0
0
27
0
353
33
0
0
47
16
33
0
27
132
16
0
0
27
0
0
33
0
0
47
16
33
0
27
47
16
0
0
27
0
0
33
0
0
152
16
33
0
303
47
16
0
0
27
0
0
33
0
0
47
16
33
0
27
47
16
0
0
27
0
0
33
0
0
214
16
33
0
27
47
16
368
0
27
0
0
33
0
0
47
16
33
0
27
47
16
0
0
389
0
0
33
0
0
47
16
33
0
27
47
415
0
0
27
0
0
33
0
0
47
16
33
0
27
47
16
428
0
27
0
0
33
0
0
47
16
33
0
27
47
418
0
0
27
0
0
33
0
0
47
16
33
0
27
47
456
0
0
27
0
0
33
0
0
47
16
33
0
27
47
16
0
0
27
238
0
33
0
0
47
16
33
0
27
47
467
0
0
27
0
0
33
0
0
47
16
33
0
27
349
16
0
0
27
0
0
33
0
0
47
16
33
0
27
382
16
0
0
27
0
0
33
0
0
47
16
33
0
27
47
16
0
0
453
0
0
33
0
0
47
16
33
0
27
417
16
0
0
27
0
0
33
0
0
47
16
33
0
27
47
16
504
0
27
0
0
33
0
0
47
16
33
0
27
47
547
0
0
27
0
0
33
0
0
47
16
33
0
27
47
560
0
0
27
0
0
33
0
0
47
16
33
0
27
47
16
0
0
27
445
0
33
0
0
47
16
33
0
27
47
645
0
0
27
0
0
33
0
0
47
16
33
0
27
519
16
0
0
27
0
0
33
0
0
47
16
33
0
27
47
16
0
0
27
524
0
33
0
0
47
16
33
0
27
47
16
0
0
538
0
0
33
0
0
47
16
33
0
27
0
16
0
616
27
0
0
33
0
0
0
16
33
0
27
47
16
0
0
27
0
0
33
0
0
47
16
33
0
27
47
16
0
68
27
0
0
33
0
0
47
16
33
0
27
47
16
0
144
27
0
0
33
0
0
47
16
33
0
27
47
16
0
174
27
0
0
33
0
0
47
16
33
0
27
47
16
0
262
27
0
0
33
0
0
47
16
33
0
27
47
16
0
287
27
0
0
33
0
0
47
16
33
0
27
47
16
0
290
27
0
0
33
0
0
47
16
33
0
27
47
16
0
352
27
0
0
33
0
0
47
16
33
0
27
47
16
0
424
27
0
0
33
0
0
47
16
33
0
27
47
16
0
482
27
0
0
33
0
0
47
16
33
0
27
47
16
0
548
27
0
0
33
0
0
47
16
33
0
27
47
16
0
583
27
0
0
33
0
0
47
16
33
0
