0
0
80
0
0
0
46
0
20
0
0
0
42
0
0
0
0
0
74
0
0
0
0
0
58
0
0
0
0
0
76
0
0
0
0
0
18
0
0
0
0
0
73
0
0
0
0
0
84
0
0
0
0
0
3
64
0
0
0
0
0
33
0
0
0
0
0
2
0
0
0
0
0
84
0
0
0
0
0
10
0
0
0
0
0
11
0
0
0
0
0
0
1
0
0
0
0
2
0
0
0
0
0
23
0
0
0
0
0
35
0
0
0
0
0
16
0
0
0
0
0
39
0
0
0
0
0
42
0
0
0
0
0
32
0
0
0
0
0
0
68
0
0
0
0
0
13
0
0
0
0
0
54
0
0
0
0
0
55
0
0
0
0
0
12
0
0
0
0
0
37
0
0
0
0
0
3
0
0
0
0
0
66
0
0
0
0
0
43
0
0
0
0
82
0
0
0
0
0
0
23
0
0
0
