80
0
0
0
0
0
0
0
0
0
66
0
42
0
0
0
0
0
0
0
74
0
0
0
0
0
0
0
58
0
76
0
0
0
0
0
0
0
0
18
0
0
0
0
0
0
0
73
0
0
0
0
84
0
67
0
0
0
0
0
0
0
0
0
33
0
0
2
0
0
0
0
0
0
84
0
0
0
0
0
0
0
0
10
0
11
0
0
0
0
0
0
1
0
0
0
0
0
0
0
0
2
0
0
0
23
0
0
35
0
0
0
0
0
0
0
0
0
0
16
0
0
0
0
0
39
0
42
0
0
0
0
0
0
0
0
32
0
0
0
0
0
0
68
0
13
0
0
0
0
0
54
0
0
0
0
0
55
0
0
0
0
0
0
12
0
0
0
15
0
0
1
21
0
0
3
0
0
0
0
66
0
0
0
0
0
0
0
0
43
0
0
0
0
73
9
0
0
0
0
0
0
0
23
