0
0
0
3
0
20
411
0
0
3
0
0
0
0
0
3
0
20
42
0
0
3
0
20
116
0
0
3
0
20
174
0
0
3
0
20
250
0
0
3
0
20
268
0
0
3
0
20
341
0
0
3
0
20
0
394
0
0
0
20
0
0
0
3
0
20
0
33
0
3
0
20
0
35
0
3
0
20
0
119
0
3
0
20
0
129
0
3
0
20
0
0
80
3
0
20
0
140
0
3
0
20
0
142
0
3
0
20
0
165
0
3
0
20
0
200
0
3
0
20
0
216
0
3
0
20
0
255
0
3
0
20
0
297
0
3
0
20
0
0
81
3
0
20
0
0
149
3
0
20
0
0
162
3
0
20
0
0
216
3
0
20
0
0
271
3
0
20
0
0
283
3
0
20
0
0
320
3
0
20
0
0
323
3
0
20
0
0
389
3
0
20
0
329
0
3
0
20
0
0
432
3
0
20
