395
0
0
0
0
0
0
0
0
0
0
0
287
0
0
0
0
0
0
0
244
0
0
0
0
0
0
0
66
0
144
0
0
0
0
0
35
0
0
35
0
0
0
0
0
0
0
267
0
0
0
0
370
0
220
0
0
0
0
0
0
0
0
0
124
0
0
13
0
0
0
0
0
0
318
0
0
0
475
0
0
0
0
0
0
464
0
0
0
0
0
0
0
0
0
10
0
0
0
0
0
340
0
18
0
53
0
0
0
0
0
0
475
0
0
0
0
0
189
189
0
0
0
0
0
205
0
313
0
0
0
0
0
0
0
0
157
0
0
0
0
0
0
342
0
0
0
0
0
0
0
355
0
0
0
0
0
409
0
0
189
0
0
0
232
0
0
0
35
0
0
0
454
0
0
15
1
0
0
0
329
0
0
0
0
0
0
0
0
76
0
0
0
0
402
1
0
0
0
0
0
0
0
244
