0
1
0
0
0
0
0
0
0
1
19
0
10
1
3
1
0
1
19
0
10
1
3
1
0
0
19
0
10
1
3
1
0
1
0
0
0
0
0
0
0
1
19
0
10
1
3
1
0
1
19
0
10
1
3
1
0
0
19
0
10
1
3
1
0
1
0
0
0
0
0
0
0
1
19
0
10
1
3
1
0
1
19
0
10
1
3
1
0
0
19
0
10
1
3
1
0
1
0
0
0
8
0
0
0
1
19
0
10
1
3
1
0
1
19
0
10
1
3
1
0
0
19
0
10
1
3
1
0
1
0
0
0
34
0
0
0
1
19
0
0
1
3
1
0
1
19
0
0
1
3
1
0
0
19
0
0
1
3
1
0
1
0
0
10
0
0
0
0
1
19
0
10
1
3
1
0
1
19
0
10
1
3
1
0
0
19
0
10
1
3
1
0
1
0
0
0
0
0
0
0
1
19
0
10
1
3
1
0
1
19
0
10
1
3
1
0
0
19
0
10
1
3
1
0
1
0
0
0
0
0
0
0
39
19
0
10
1
0
1
0
1
19
0
10
1
0
1
0
0
19
0
10
1
0
1
0
0
0
0
0
0
0
0
0
0
53
0
10
1
3
1
0
0
19
0
10
1
3
1
0
0
19
0
10
1
3
1
0
1
0
0
0
0
0
0
0
1
19
0
10
1
3
1
0
1
19
0
10
1
3
1
0
0
19
0
10
1
3
1
0
1
0
0
1
0
0
0
0
1
19
0
1
1
3
1
0
1
19
0
1
1
3
1
0
62
19
0
1
1
3
1
0
1
0
0
0
0
0
0
0
1
19
0
10
1
3
1
0
1
19
0
10
1
3
1
0
0
19
0
10
1
3
1
53
1
0
0
0
0
0
0
0
1
0
0
10
1
3
1
0
1
0
0
10
1
3
1
0
0
0
0
10
1
3
1
0
1
0
0
0
0
0
0
0
1
19
0
10
1
3
1
0
1
19
0
10
1
3
1
0
0
19
0
10
1
3
1
0
1
0
0
0
12
0
0
0
1
19
0
10
1
3
1
0
1
19
0
10
1
3
1
0
0
19
0
10
1
3
1
0
1
5
0
0
54
0
0
0
1
5
0
10
1
3
1
0
1
5
0
10
1
3
1
0
0
5
0
10
1
3
1
0
1
0
0
0
0
0
28
0
1
19
0
10
1
3
1
0
1
19
0
10
1
3
1
0
0
19
0
10
1
3
1
0
1
0
0
0
0
34
0
0
1
19
0
10
0
3
1
0
1
19
0
10
0
3
1
0
0
19
0
10
0
3
1
0
1
0
0
0
0
0
0
0
1
19
0
10
1
3
0
34
1
19
0
10
1
3
0
0
0
19
0
10
1
3
0
0
1
0
0
0
0
0
0
31
1
19
0
10
1
3
1
0
1
19
0
10
1
3
1
0
0
19
0
10
1
3
1
0
1
0
0
0
0
0
0
0
1
19
0
10
1
3
1
0
1
19
0
10
1
3
1
33
0
19
0
10
1
3
1
0
1
0
0
0
0
0
0
0
1
19
0
10
1
3
1
0
1
19
0
10
1
3
1
0
0
19
0
10
1
3
1
0
1
0
30
0
0
0
0
0
1
19
0
10
1
3
1
0
1
19
0
10
1
3
1
0
0
19
0
10
1
3
1
