0
4
0
0
0
0
0
1
0
2
0
4
1
0
2
0
4
0
0
0
0
0
1
0
2
0
4
1
0
2
0
4
0
0
0
0
0
1
0
2
0
4
1
0
8
0
4
0
0
0
0
0
1
0
2
0
4
1
0
2
0
4
0
0
0
0
0
1
0
2
0
4
1
0
9
0
4
0
0
0
0
0
1
0
2
0
4
1
0
2
0
4
0
0
0
0
0
1
95
0
0
4
1
0
0
0
4
0
0
0
0
0
1
0
2
0
4
1
2
2
0
4
0
0
0
0
0
1
0
2
0
4
1
12
2
0
4
0
0
0
0
0
1
0
2
0
4
1
0
16
0
4
0
0
0
0
0
1
0
2
0
4
1
14
2
0
4
0
0
0
0
0
3
0
2
0
4
1
0
2
0
4
0
0
0
0
0
1
23
2
0
4
1
0
2
9
4
0
0
0
0
0
1
0
2
0
4
1
0
2
0
4
0
0
0
0
0
1
32
2
0
4
1
0
2
0
4
0
36
0
0
0
1
0
2
0
4
1
0
2
0
4
0
0
0
0
0
1
0
2
0
4
1
46
2
0
4
0
0
0
0
0
0
0
2
0
4
0
91
2
10
4
0
0
0
0
0
1
0
2
0
4
1
0
2
0
4
0
0
0
0
0
1
0
2
16
4
1
0
2
26
4
0
0
0
0
0
1
0
2
0
4
1
0
2
0
4
0
0
0
36
0
1
0
2
0
4
1
0
2
42
4
0
0
0
0
0
1
0
2
0
4
1
0
2
0
4
0
0
0
0
0
1
0
2
52
4
1
0
2
0
4
0
0
0
0
0
1
0
2
54
4
1
0
2
0
4
0
0
0
0
0
8
0
2
0
4
1
0
2
0
4
0
51
0
0
0
1
0
2
0
4
1
0
2
0
4
12
0
0
0
0
1
0
2
0
4
1
0
2
0
4
0
0
0
60
0
1
0
2
0
4
1
0
2
0
4
14
0
0
0
0
1
0
2
0
4
1
0
2
0
4
0
0
19
0
0
1
0
2
0
4
1
0
2
0
4
0
0
0
0
0
19
0
2
0
4
1
0
2
0
4
0
0
0
0
0
1
0
2
0
4
1
0
29
70
4
0
0
0
0
0
1
0
2
0
4
1
0
2
0
4
0
0
34
0
0
1
0
2
0
4
1
0
2
0
4
0
0
0
0
0
27
0
2
0
4
1
0
2
0
4
0
0
35
0
0
1
0
2
0
4
1
0
2
0
4
0
0
39
0
0
1
0
2
0
4
1
0
2
0
4
0
0
0
74
0
1
0
2
0
4
1
0
2
0
4
0
0
0
0
0
34
0
2
0
4
1
0
2
0
4
0
0
0
0
0
1
0
2
0
4
1
0
51
0
4
0
0
0
0
0
1
0
2
77
4
1
0
2
0
4
0
59
0
0
0
1
0
2
0
4
1
0
2
0
4
0
0
0
0
0
1
0
61
0
4
1
0
2
0
4
0
0
0
0
0
1
0
2
0
4
1
0
65
0
4
0
68
0
0
0
1
0
2
0
4
1
0
2
0
4
0
0
0
0
0
40
0
2
0
4
1
0
2
0
4
47
0
0
0
0
1
0
2
0
4
1
0
2
86
4
0
0
0
0
0
1
0
2
0
4
1
0
2
0
4
0
0
65
0
0
1
0
2
0
4
1
0
2
0
4
49
0
0
0
0
1
0
2
0
4
1
0
2
0
4
55
0
0
0
0
1
0
2
0
4
1
0
2
0
4
0
0
71
0
0
1
0
2
0
4
1
0
2
0
4
61
0
0
0
0
1
0
2
0
4
1
0
2
0
4
64
0
0
0
0
1
0
2
0
4
1
0
2
0
4
0
0
0
0
0
1
0
2
0
4
1
75
2
0
4
0
0
0
0
0
1
0
2
91
4
1
0
2
0
4
0
0
0
0
0
1
0
2
0
4
69
0
2
0
4
0
82
0
0
0
1
0
2
0
4
1
0
2
0
4
0
0
0
0
0
1
0
2
0
4
1
0
2
0
0
0
0
0
0
0
95
0
2
0
0
1
0
2
0
12
0
0
0
0
0
1
0
2
0
4
1
0
2
0
4
0
0
75
0
0
1
0
2
0
4
1
0
2
0
22
0
0
0
0
0
1
0
2
0
4
1
0
2
0
28
0
0
0
0
0
1
0
2
0
4
1
0
2
0
35
0
0
0
0
0
1
0
2
0
4
1
0
2
0
4
0
0
0
0
33
1
0
2
0
4
1
0
2
0
4
75
0
0
0
0
1
0
2
0
4
1
0
2
0
4
81
0
0
0
0
1
0
2
0
4
1
0
2
0
4
0
0
0
0
0
1
0
2
0
4
1
0
78
0
4
0
0
0
0
0
1
0
2
0
45
1
0
2
0
48
0
0
0
0
0
1
0
2
0
4
1
0
2
0
4
0
0
0
0
0
1
0
2
0
4
83
0
2
0
4
87
0
0
0
0
1
0
2
0
4
1
0
2
0
57
0
0
0
0
0
1
0
2
0
4
1
0
2
0
4
0
0
0
0
0
89
0
2
0
4
1
0
2
0
4
0
0
0
0
0
1
94
2
0
4
1
0
2
0
63
0
0
0
0
0
1
0
2
0
4
1
0
2
0
4
0
0
79
0
0
1
0
2
0
4
1
0
2
0
4
0
0
0
0
61
1
0
2
0
4
1
0
2
0
4
0
0
86
0
0
1
0
2
0
4
1
0
2
0
4
0
0
92
0
0
1
0
2
0
4
1
0
2
0
4
0
0
0
0
64
1
0
2
0
4
1
0
2
0
4
0
0
0
0
72
1
0
2
0
4
1
0
2
0
4
0
0
0
0
0
1
0
2
0
83
1
0
2
0
4
0
0
0
0
83
1
0
2
0
4
1
0
2
0
4
0
0
0
0
0
1
0
2
0
4
93
0
2
0
91
0
0
0
0
0
1
0
2
0
4
1
0
2
0
95
0
0
0
0
0
1
0
2
0
4
1
0
2
