31
0
5
0
23
31
0
5
0
23
0
0
0
30
0
0
2
5
0
23
0
2
5
0
23
0
0
0
59
0
31
2
5
0
23
31
2
5
0
23
0
0
0
0
0
31
2
5
0
23
31
2
5
0
23
0
0
1
0
0
31
2
5
0
0
31
2
5
0
0
0
51
0
0
0
31
2
0
0
23
31
2
0
0
23
36
0
0
0
0
31
2
5
0
23
31
2
5
0
23
0
0
0
0
0
31
2
5
0
23
31
2
5
0
23
0
0
0
0
0
31
2
5
0
23
31
2
5
0
23
0
0
0
0
0
31
2
5
0
23
31
2
5
0
23
0
0
9
0
0
31
2
5
0
23
31
2
5
0
23
0
0
0
0
0
31
2
5
0
23
31
2
5
0
23
0
0
0
7
0
31
2
5
0
23
31
2
5
0
23
0
19
0
0
0
31
2
5
0
23
31
2
5
0
46
0
0
0
0
0
31
2
5
0
23
31
2
34
0
23
0
0
0
0
0
