377
377
0
0
0
16
0
0
0
0
0
70
0
0
203
0
0
0
0
0
191
0
0
0
0
0
161
0
0
0
0
0
0
0
54
0
0
0
0
71
0
0
0
0
0
0
0
36
0
0
0
295
0
0
0
0
131
0
0
0
0
0
0
194
0
194
0
0
121
0
0
0
0
0
0
0
95
0
0
0
0
0
39
0
0
0
0
377
0
0
0
0
0
0
0
0
0
0
0
39
0
0
0
0
59
0
0
0
0
0
0
0
87
0
0
0
0
0
79
0
0
19
0
0
0
0
0
147
0
0
0
0
0
0
0
128
0
0
0
118
0
0
0
0
45
0
0
0
0
0
0
0
0
270
0
0
0
0
0
0
119
0
0
0
82
0
0
0
0
0
0
0
0
377
0
90
0
0
0
0
0
0
0
272
0
0
0
0
377
0
0
0
0
0
0
0
0
75
0
0
0
236
0
0
0
63
0
0
0
0
0
0
0
0
168
0
0
0
0
0
0
0
0
50
0
0
0
0
0
0
36
0
0
0
0
150
0
0
0
0
0
0
0
160
0
0
2
0
0
0
0
0
0
0
0
50
0
0
0
0
0
230
0
0
0
182
0
0
0
0
0
0
0
0
157
0
53
0
0
0
0
0
0
0
0
0
0
40
0
0
0
29
0
0
0
0
0
0
377
0
0
0
0
194
0
0
23
0
0
0
0
0
0
0
0
96
0
0
0
0
0
0
0
103
