2
0
0
0
7
0
2
0
0
20
7
0
2
0
0
25
7
0
2
0
0
28
7
0
2
0
0
40
7
0
72
0
0
0
7
0
2
0
0
95
7
0
2
0
0
120
7
0
2
0
0
124
7
0
2
0
0
140
7
0
172
0
0
0
7
0
2
0
0
203
7
0
2
0
0
213
7
0
2
0
0
237
7
0
2
0
0
252
7
0
290
0
0
0
7
0
292
0
0
0
7
0
2
0
0
301
7
0
326
0
0
0
7
0
2
0
0
332
7
0
342
0
0
0
7
0
373
0
0
0
7
0
0
340
0
0
7
0
2
0
0
0
7
0
2
29
0
0
7
0
2
37
0
0
7
0
2
0
0
0
0
345
2
0
0
0
7
0
2
0
39
0
7
0
2
0
0
0
7
58
2
0
86
0
7
0
2
39
0
0
7
0
2
78
0
0
7
0
2
106
0
0
7
0
2
140
0
0
7
0
2
167
0
0
7
0
2
0
0
0
7
109
2
0
125
0
7
0
2
0
138
0
7
0
2
0
0
0
7
161
2
0
0
0
7
193
2
0
0
0
194
0
2
208
0
0
7
0
2
0
0
0
236
0
2
235
0
0
7
0
2
241
0
0
7
0
2
0
0
0
7
227
2
0
0
0
7
240
2
0
270
0
7
0
2
0
0
0
7
280
2
0
0
0
7
309
2
0
0
0
259
0
2
0
0
0
281
0
2
0
0
0
313
0
