0
0
0
0
0
0
7
0
24
0
0
9
19
0
24
0
0
9
0
0
0
0
0
0
7
0
24
0
9
9
19
0
24
0
0
9
0
0
0
0
0
0
7
0
24
0
0
9
19
0
24
0
25
9
0
0
0
0
0
0
7
0
24
0
42
9
19
0
24
0
0
9
0
0
0
0
0
0
0
0
24
0
51
9
0
0
24
0
0
9
0
0
0
0
0
0
7
0
24
0
0
9
19
0
24
0
0
9
0
0
0
0
0
0
7
0
24
0
0
9
7
0
24
56
0
9
0
0
0
0
0
0
7
0
0
0
68
9
19
0
0
0
0
9
0
0
0
0
0
0
7
0
24
0
0
9
19
0
24
0
0
9
0
0
0
0
0
0
7
0
24
0
0
9
19
0
24
0
0
9
0
0
0
28
0
0
7
0
24
0
0
9
19
0
24
0
0
9
35
0
0
0
0
0
7
0
24
0
0
9
19
0
24
0
0
9
59
0
0
0
0
0
7
0
24
0
0
9
19
0
24
0
0
9
0
0
3
0
0
0
7
0
24
0
0
9
19
0
24
0
0
9
0
0
0
0
0
0
7
0
24
37
0
9
19
0
24
0
0
9
0
0
0
0
0
0
7
0
24
0
0
9
19
0
43
0
0
9
0
0
0
0
0
0
7
0
24
0
0
9
19
0
24
0
0
9
0
0
0
0
0
0
7
0
24
0
0
9
19
28
24
0
0
9
0
51
0
0
0
0
7
0
24
0
0
9
19
0
24
0
0
9
0
0
0
0
0
0
7
0
24
0
0
0
19
0
77
0
0
0
0
0
0
0
0
0
7
0
24
0
0
9
19
0
24
0
0
9
0
0
0
0
0
21
7
0
24
0
0
9
19
0
24
0
0
9
0
0
0
0
0
39
7
0
24
0
0
9
19
0
24
0
0
9
