0
0
0
239
0
0
0
0
0
181
0
0
0
0
0
0
39
0
0
0
0
0
0
0
5
0
0
0
70
0
0
0
0
0
0
0
0
0
0
253
0
0
0
318
0
0
0
163
319
0
0
0
367
0
0
0
0
0
0
240
0
0
0
0
367
0
1
0
0
0
0
0
5
0
0
0
0
0
0
0
367
0
0
0
0
0
0
0
0
0
0
0
0
0
0
350
0
0
0
0
0
0
239
0
0
0
0
0
0
0
320
0
0
0
0
0
0
0
333
0
0
0
39
0
0
0
0
0
0
0
0
335
0
215
0
0
3
0
0
0
19
367
0
0
0
0
57
0
0
0
0
0
0
0
0
287
0
0
0
0
0
0
0
0
0
0
0
185
0
0
0
334
0
0
0
0
0
324
0
0
0
0
0
26
49
0
0
0
367
0
0
0
3
257
0
0
0
0
0
0
0
0
0
7
0
291
0
0
0
0
0
0
0
0
0
310
0
0
0
268
0
0
0
0
316
0
0
0
0
0
0
0
0
0
0
316
0
0
0
0
0
219
0
0
0
0
0
0
0
229
0
0
0
0
0
0
0
0
0
0
0
0
0
284
0
0
97
0
0
0
0
0
0
293
0
0
0
0
0
0
0
0
0
0
0
0
342
0
0
0
0
0
0
0
0
225
0
367
0
0
37
0
0
0
0
0
0
0
0
215
215
0
0
0
0
0
0
0
0
244
0
0
0
0
37
0
0
0
0
10
0
0
0
0
0
0
0
262
0
0
0
0
0
0
0
0
0
0
0
117
0
0
331
0
349
0
0
0
0
1
73
0
0
0
104
0
0
0
104
367
0
0
0
352
0
0
0
301
0
0
0
0
0
0
0
0
0
318
0
0
0
0
0
0
0
365
0
0
0
0
0
0
0
0
0
55
238
0
0
0
0
0
0
121
0
0
0
0
0
0
0
0
30
0
104
0
0
0
0
0
0
0
0
0
0
0
0
0
307
0
331
0
0
318
0
331
0
185
173
0
0
0
0
0
0
0
0
0
0
0
0
0
269
0
3
0
131
0
0
0
0
0
0
0
0
0
0
0
342
0
0
0
0
0
0
72
0
0
0
0
0
0
0
0
0
195
0
203
0
0
0
0
0
0
0
0
0
0
0
34
0
0
0
31
0
0
0
0
0
0
0
0
0
0
0
0
257
0
0
203
0
0
0
0
0
0
0
0
0
1
0
0
0
0
0
0
0
0
0
55
0
0
0
0
0
0
0
93
0
0
367
0
0
0
0
0
0
2
331
0
0
0
331
0
0
0
135
0
0
0
0
0
0
0
0
0
0
0
0
0
246
0
