0
0
0
0
0
0
14
2
0
0
0
0
0
0
14
2
0
0
0
1
0
0
14
2
22
0
0
0
0
0
14
2
0
0
0
0
0
0
14
2
0
0
0
11
0
0
14
2
56
0
0
0
0
0
14
2
0
0
0
33
0
0
14
2
68
0
0
0
0
0
14
2
0
0
0
61
0
0
14
2
0
0
0
95
0
0
14
2
0
0
0
125
0
0
14
2
106
0
0
0
0
0
14
2
0
0
0
142
0
0
14
2
113
0
0
0
0
0
14
2
122
0
0
0
0
0
14
2
0
0
0
0
140
0
14
2
0
0
0
0
170
0
14
2
0
0
0
155
0
0
14
2
0
0
0
195
0
0
14
2
0
0
0
224
0
0
14
2
0
0
31
0
0
0
14
2
0
0
32
0
0
0
14
2
0
0
63
0
0
0
14
2
0
0
87
0
0
0
14
2
0
0
0
341
0
0
0
2
0
0
0
0
190
0
14
2
0
0
92
0
0
0
14
2
0
0
0
234
0
0
14
2
0
0
111
0
0
0
14
2
0
0
113
0
0
0
14
2
0
0
123
0
0
0
14
2
230
0
0
0
0
0
14
2
0
0
0
237
0
0
14
2
0
0
0
0
256
0
14
2
0
0
151
0
0
0
14
2
0
0
186
0
0
0
14
2
0
0
205
0
0
0
14
2
0
0
208
0
0
0
14
2
0
0
231
0
0
0
14
2
0
0
240
0
0
0
14
2
0
0
0
0
264
0
14
2
0
0
273
0
0
0
14
2
0
0
0
271
0
0
14
2
0
0
0
0
285
0
14
2
0
0
304
0
0
0
14
2
0
0
0
275
0
0
14
2
0
0
0
0
304
0
14
2
0
0
335
0
0
0
14
2
327
0
0
0
0
0
14
2
0
0
0
309
0
0
14
2
0
0
0
310
0
0
14
2
0
0
0
317
0
0
14
2
0
0
0
0
0
0
14
2
0
31
0
0
0
0
14
2
0
0
0
0
0
42
14
2
0
78
0
0
0
0
14
2
0
0
0
0
329
0
14
2
0
0
0
0
0
329
14
0
0
0
351
0
0
0
14
2
0
87
0
0
0
0
14
2
0
108
0
0
0
0
14
2
0
138
0
0
0
0
14
2
0
154
0
0
0
0
14
2
0
175
0
0
0
0
14
2
0
0
0
0
0
179
14
2
0
0
0
0
0
192
14
2
0
0
0
0
0
201
14
2
0
207
0
0
0
0
14
2
0
0
0
0
0
224
14
2
0
0
0
0
0
248
14
2
0
0
0
0
0
272
14
2
0
302
0
0
0
0
14
2
0
0
0
327
0
0
14
2
