0
0
0
0
27
0
0
0
48
10
0
15
61
0
17
0
48
10
0
15
61
0
17
0
48
10
0
15
0
0
17
0
0
0
0
0
27
0
0
0
48
10
0
15
61
0
17
0
48
10
0
15
61
0
17
26
48
10
0
15
0
0
17
0
0
0
0
0
0
0
0
0
48
10
0
15
0
0
17
163
48
10
0
15
0
0
17
0
48
10
0
15
0
0
17
0
0
0
0
0
27
0
0
0
48
10
0
15
61
0
17
0
48
10
0
15
61
0
17
0
48
10
0
15
0
0
17
0
0
0
0
0
27
0
0
0
48
10
0
15
61
0
17
0
48
10
0
15
61
0
17
93
48
10
0
15
0
0
17
0
0
0
0
0
116
0
0
0
48
10
0
15
61
0
17
0
48
10
0
15
61
0
17
0
48
10
0
15
0
0
17
0
0
0
0
0
27
0
0
0
48
10
0
15
61
0
17
0
48
10
0
15
61
0
17
0
48
10
0
15
0
0
17
152
0
0
0
0
154
0
0
0
48
10
0
15
61
0
17
0
48
10
0
15
61
0
17
0
48
10
0
15
0
0
17
0
0
0
0
0
27
0
0
0
48
10
0
15
27
0
17
0
48
10
0
15
27
0
17
0
48
10
0
185
0
0
17
0
0
0
0
0
27
0
0
0
48
10
0
15
61
0
17
0
48
10
0
15
61
0
17
0
48
10
0
15
0
0
17
0
0
0
0
0
27
0
0
0
48
10
0
15
61
0
17
0
48
10
0
45
61
0
17
0
48
10
0
15
0
0
17
0
0
0
0
0
27
0
0
0
48
10
0
15
61
0
17
0
48
10
0
15
61
0
17
0
48
10
0
123
0
0
17
0
0
0
0
135
27
0
0
0
48
10
0
15
61
0
17
0
48
10
0
15
61
0
17
0
48
10
0
15
0
0
17
0
0
0
0
202
27
0
0
0
48
10
0
15
61
0
17
0
48
10
0
15
61
0
17
0
48
10
0
15
0
0
17
0
151
0
0
0
27
0
0
0
48
10
0
0
61
0
17
0
48
10
0
0
61
0
17
0
48
10
0
0
0
0
17
0
0
0
0
0
27
0
0
0
48
10
0
15
61
0
17
0
48
10
0
15
61
0
17
0
48
10
0
15
0
0
17
0
38
0
0
0
27
0
0
0
48
10
0
15
61
0
17
0
48
10
0
15
61
0
17
0
48
10
0
15
0
0
17
0
74
0
0
0
27
0
0
0
48
10
0
15
61
0
17
0
48
10
0
15
61
0
17
0
48
10
0
15
0
0
17
0
0
0
0
0
27
0
0
0
0
10
0
15
61
0
17
0
0
10
162
15
61
0
17
0
0
10
0
15
0
0
17
0
0
0
0
0
27
0
0
0
48
10
0
15
61
0
17
0
48
10
0
15
61
0
17
0
48
10
0
15
0
0
17
0
0
0
0
0
27
0
0
0
48
10
0
15
61
0
17
0
48
10
36
15
61
0
17
0
48
10
0
15
0
0
17
0
0
0
0
0
27
0
0
0
48
10
85
15
61
0
17
0
48
10
0
15
61
0
17
0
48
10
0
15
0
0
17
0
0
0
156
0
27
0
0
0
48
10
0
15
61
0
17
0
48
10
0
15
61
0
17
0
48
10
0
15
0
0
17
0
26
0
0
0
27
259
0
0
26
10
0
15
61
0
17
0
26
10
0
15
61
0
17
0
26
10
0
15
0
0
17
0
0
0
0
0
27
0
0
0
48
10
0
15
61
0
17
0
48
10
0
15
61
0
17
0
48
10
0
15
0
0
17
0
0
0
0
0
27
0
0
0
48
0
0
15
61
0
17
0
48
0
0
15
61
146
17
0
48
0
0
15
0
0
17
0
0
73
0
0
27
0
0
0
48
10
0
15
61
0
17
0
48
10
0
15
61
0
17
0
48
10
0
15
0
0
17
0
0
0
0
0
27
0
0
0
48
10
0
15
61
0
17
0
48
10
0
15
61
0
17
0
48
10
0
15
0
0
17
0
0
0
0
0
27
0
0
0
48
10
0
15
61
0
17
0
48
144
0
15
61
0
17
0
48
10
0
15
0
0
17
0
0
0
0
0
27
73
0
0
48
10
0
15
61
0
17
0
48
10
0
15
61
0
17
0
48
10
0
15
0
0
17
0
0
153
0
0
27
0
0
0
48
10
0
15
61
0
0
0
48
10
0
15
61
0
0
0
48
10
0
15
0
0
0
0
0
0
0
0
27
0
0
0
48
10
0
15
61
0
17
0
48
10
0
15
61
0
17
0
48
10
0
15
0
0
17
0
0
0
0
0
27
0
0
0
48
10
0
15
61
0
17
0
48
10
0
15
61
0
17
0
48
10
0
15
0
0
41
0
0
0
0
0
27
0
60
0
48
10
0
15
61
0
17
0
48
10
0
15
61
0
17
0
48
10
0
15
0
0
17
0
0
0
0
0
27
0
119
0
48
10
0
15
61
0
17
0
48
10
0
15
61
0
17
0
48
10
0
15
0
0
17
0
0
0
0
0
27
0
164
0
48
10
0
15
61
0
17
0
48
10
0
15
61
0
17
0
48
10
0
15
0
0
17
0
0
0
0
0
27
0
196
0
48
10
0
15
61
0
17
0
48
10
0
15
61
0
17
0
48
10
0
15
0
0
17
0
