0
0
0
0
0
0
0
4
4
0
0
0
4
4
0
0
0
0
0
7
0
0
4
4
0
0
0
4
4
0
0
0
0
0
16
0
0
4
4
0
0
0
4
4
0
0
0
0
0
19
0
0
4
4
0
0
0
4
4
0
0
0
0
0
22
0
0
4
4
0
0
0
4
4
0
0
0
0
0
31
0
0
4
4
0
0
0
4
4
0
0
0
0
0
34
0
0
4
4
0
0
0
4
4
0
0
0
0
0
41
0
0
4
4
0
0
0
4
4
0
0
0
0
0
42
0
0
4
4
0
0
0
4
4
0
0
0
0
0
46
0
0
4
4
0
0
0
4
4
0
0
0
0
0
53
0
0
4
4
0
0
0
4
4
0
0
0
0
0
57
0
0
4
4
0
0
0
4
4
0
0
0
0
0
62
0
0
4
0
0
0
0
4
0
0
0
0
0
0
0
0
0
4
4
0
0
0
4
4
0
0
0
0
7
0
0
0
4
4
0
0
0
4
4
0
0
0
0
17
0
0
0
4
4
0
0
0
4
4
0
0
0
0
21
0
0
0
4
4
0
0
0
4
4
0
0
0
0
31
0
0
0
4
4
0
0
0
4
4
0
0
0
0
38
0
0
0
4
4
0
0
0
4
4
0
0
0
0
47
0
0
0
4
4
0
0
0
4
4
0
0
0
0
51
0
0
0
4
4
0
0
0
4
4
0
0
0
0
0
0
0
0
4
4
0
0
0
4
4
0
0
0
0
0
0
7
0
4
4
0
0
0
4
4
0
0
0
0
55
0
0
0
4
4
0
0
0
4
4
0
0
0
0
0
0
0
0
4
4
0
12
0
4
4
0
0
0
0
0
0
19
0
4
4
0
0
0
4
4
0
0
0
0
0
0
0
0
4
4
0
29
0
4
4
0
0
0
0
0
0
0
0
4
4
0
0
0
4
4
0
0
0
0
0
0
32
0
4
4
0
0
0
4
4
0
0
0
0
0
0
0
0
4
4
0
37
0
4
4
0
0
0
0
0
0
0
0
4
4
0
44
0
4
4
0
0
0
0
0
0
0
0
4
4
0
51
0
4
4
0
0
0
0
0
0
62
0
0
4
0
0
0
0
4
0
0
0
9
0
0
0
0
4
4
0
0
0
4
4
0
0
0
0
0
0
0
0
4
4
0
0
0
4
4
0
0
0
16
0
0
0
0
4
4
0
0
0
4
4
0
0
2
0
0
0
0
0
4
4
0
0
0
4
4
0
0
0
0
0
0
0
0
4
4
0
0
9
4
4
0
0
14
0
0
0
0
0
4
4
0
0
0
4
4
0
0
0
0
0
0
0
21
4
4
0
0
0
4
4
0
0
0
18
0
0
0
0
4
4
0
0
0
4
4
0
0
0
0
0
0
0
0
4
4
0
0
30
4
4
0
0
34
0
0
0
0
0
4
4
0
0
0
4
4
0
0
0
27
0
0
0
0
4
4
0
0
0
4
4
0
0
39
0
0
0
0
0
4
4
0
0
0
4
4
0
0
0
0
0
0
0
0
4
4
0
0
0
39
4
0
0
0
0
0
0
0
0
4
4
0
0
0
48
4
0
0
0
53
0
0
0
0
4
4
0
0
0
4
4
0
0
0
0
0
62
0
0
4
4
0
0
0
4
4
0
0
0
0
0
63
0
0
4
4
0
0
0
4
4
0
0
0
0
0
0
0
0
65
4
0
0
0
4
4
0
0
45
0
0
0
0
0
4
4
0
0
0
4
4
0
0
0
0
0
64
0
0
4
4
0
0
0
4
4
0
0
49
0
0
0
0
0
4
4
0
0
0
4
4
0
0
57
0
0
0
0
0
4
4
0
0
0
4
4
0
0
0
0
0
0
0
65
4
4
0
0
0
4
4
0
