21
0
0
0
0
0
4
9
20
0
21
4
9
20
0
0
0
0
0
0
0
4
9
20
0
0
4
9
20
167
50
0
0
0
0
0
4
9
20
0
21
4
9
20
0
21
0
0
0
0
0
4
9
20
0
76
4
9
20
0
77
0
0
0
0
0
4
9
20
0
21
4
9
20
0
21
0
0
0
0
0
4
9
20
0
21
4
9
20
0
98
0
0
0
0
0
4
9
20
0
21
4
9
20
0
21
0
0
0
17
0
4
9
20
0
21
4
9
20
0
21
0
0
0
0
0
4
9
20
0
108
4
9
20
0
21
0
0
0
32
0
4
9
20
0
21
4
9
20
0
109
0
0
0
0
0
4
9
20
0
21
4
9
20
0
21
0
0
0
0
137
4
9
0
0
21
4
9
0
0
21
0
0
0
0
0
4
9
20
0
21
4
9
20
0
21
0
0
0
0
0
0
9
20
0
161
0
9
20
0
21
0
0
0
0
0
4
9
20
0
21
4
9
20
0
21
0
0
0
126
0
4
0
20
0
21
4
0
20
0
21
0
0
0
0
0
4
9
20
0
21
4
9
20
0
21
0
0
26
0
0
4
9
20
0
21
4
9
20
0
21
0
0
0
41
0
4
9
20
0
21
4
9
20
0
21
0
20
0
0
0
4
9
20
0
21
4
9
20
0
21
0
0
45
0
0
4
9
20
0
21
4
9
20
0
21
22
0
0
0
0
4
9
20
0
21
4
9
20
0
21
0
0
0
0
0
4
51
20
0
21
4
9
20
0
21
0
0
73
0
0
4
9
20
0
21
4
9
20
0
21
62
0
0
0
0
4
9
20
0
21
4
9
20
0
21
0
73
0
0
0
4
9
20
0
21
4
9
20
0
21
0
0
0
74
0
4
9
20
0
21
4
9
20
0
21
0
0
0
0
0
4
9
20
0
21
79
9
20
0
21
0
0
93
0
0
4
9
20
0
21
4
9
20
0
21
0
0
124
0
0
4
9
20
0
21
4
9
20
0
21
0
0
0
78
0
4
9
20
0
21
4
9
20
0
21
0
0
0
0
0
4
9
20
0
21
4
116
20
0
21
0
134
0
0
0
4
9
20
0
21
4
9
20
0
21
0
0
0
0
0
4
9
20
0
21
113
9
20
0
21
136
0
0
0
0
4
9
20
0
21
4
9
20
0
