32
0
0
0
0
0
0
5
0
0
0
11
0
29
0
0
0
0
0
1
33
0
0
0
0
24
0
0
0
0
2
0
0
0
0
0
0
0
0
0
0
34
0
0
0
0
24
0
0
0
0
21
0
0
0
0
0
0
0
20
0
0
0
30
0
0
0
0
0
0
0
7
0
3
0
0
0
0
6
0
6
0
0
0
0
0
0
0
0
7
13
0
0
0
0
0
0
0
0
32
0
0
0
0
35
0
0
0
0
0
0
0
7
0
0
31
0
0
0
0
0
0
0
0
0
37
0
0
20
0
0
0
0
0
0
0
33
0
0
0
0
0
0
8
2
0
3
0
0
0
2
0
0
0
0
0
0
24
0
0
0
0
0
32
0
1
0
0
0
0
0
0
0
30
0
5
0
0
0
0
26
0
0
0
0
0
1
0
0
4
0
0
0
0
0
40
0
0
24
0
0
0
0
0
0
6
0
0
0
0
0
0
0
0
0
16
32
0
0
0
0
0
0
0
0
0
16
0
14
2
0
0
0
0
0
0
0
0
0
24
9
0
0
0
0
0
0
39
0
0
0
0
0
10
0
0
0
0
