0
0
0
6
0
23
0
32
0
6
0
23
0
48
0
6
0
23
0
77
0
6
0
23
0
111
0
6
0
23
0
135
0
6
0
23
0
137
0
6
0
23
0
171
0
6
0
23
0
195
0
6
0
23
0
0
0
0
257
23
0
216
0
6
0
23
0
0
0
6
0
23
7
0
0
6
0
23
10
0
0
6
0
23
22
0
0
6
0
23
29
0
0
6
0
23
42
0
0
6
0
23
74
0
0
6
0
23
0
246
0
6
0
23
109
0
0
6
0
23
140
0
0
6
0
23
177
0
0
6
0
23
0
0
0
203
0
23
0
0
0
236
0
23
0
0
0
244
0
23
0
0
0
249
0
23
0
253
0
6
0
23
0
0
0
251
0
23
0
0
0
280
0
0
0
0
0
6
0
23
0
0
5
6
0
23
0
0
31
6
0
23
0
0
36
6
0
23
0
0
76
6
0
23
0
0
100
6
0
23
0
0
106
6
0
23
0
0
122
6
0
23
0
0
154
6
0
23
0
0
170
6
0
23
0
0
186
6
0
23
0
0
210
6
0
23
0
0
219
6
0
23
0
0
258
6
0
23
