180
0
0
0
0
0
0
286
0
0
0
0
0
53
0
0
0
0
0
0
258
0
0
0
0
85
0
0
0
0
15
0
0
0
0
0
0
0
0
0
0
160
0
0
0
0
23
0
17
0
17
67
0
0
0
0
0
0
0
116
0
0
0
37
0
0
0
0
0
0
0
48
0
82
0
0
0
0
285
0
0
0
0
0
0
0
0
0
0
55
272
0
0
0
0
0
0
0
0
5
0
0
0
0
17
0
0
0
0
0
0
0
0
0
0
22
0
0
0
0
0
0
0
0
0
11
0
17
52
0
0
0
0
0
0
0
47
0
0
0
0
0
0
62
270
0
6
0
0
0
154
0
0
0
0
0
0
109
0
0
0
0
0
252
0
0
0
0
0
0
0
0
0
70
0
17
0
0
0
0
212
0
0
0
0
0
0
0
0
1
0
0
0
0
0
88
0
0
156
0
0
0
0
0
0
1
0
0
0
0
0
0
0
0
0
100
238
0
0
0
0
0
0
0
0
0
7
0
1
284
0
0
0
0
0
17
0
0
0
136
145
0
0
0
0
0
0
133
0
0
0
0
0
7
0
0
0
0
