0
0
0
1
3
0
3
0
0
1
3
0
8
0
0
1
3
0
15
0
0
1
3
0
25
0
0
1
3
0
30
0
0
1
3
0
39
0
0
1
3
0
43
0
0
1
3
0
53
0
0
1
3
0
0
0
0
0
56
0
0
0
0
1
3
0
0
2
0
1
3
0
0
0
0
1
0
55
0
0
0
1
3
0
0
5
0
1
3
0
0
12
0
1
3
0
0
0
0
60
3
0
0
14
0
1
3
0
0
0
0
1
3
6
0
0
15
1
3
0
0
0
0
1
3
19
0
0
0
61
3
0
0
17
0
1
3
0
0
0
0
1
22
0
0
29
0
1
3
0
0
0
22
1
3
0
0
0
32
1
3
0
0
0
34
1
3
0
0
0
0
1
37
0
0
0
0
1
46
0
0
48
0
1
3
0
0
50
0
1
3
0
0
0
41
1
3
0
0
0
45
1
3
0
0
0
53
1
3
0
0
52
0
1
3
0
0
57
0
1
3
0
