0
0
0
0
0
0
0
1
0
0
0
0
6
0
0
1
0
0
0
0
9
0
0
1
0
0
0
0
10
0
0
1
19
0
0
0
0
0
0
1
0
0
0
0
23
0
0
1
0
0
0
0
26
0
0
1
36
0
0
0
0
0
0
1
42
0
0
0
0
0
0
1
0
0
0
0
46
0
0
1
0
0
0
0
0
0
0
1
0
10
0
0
0
0
0
1
0
0
0
0
0
0
0
1
0
0
0
0
51
0
0
1
0
0
0
0
52
0
0
1
0
12
0
0
0
0
0
1
0
0
0
0
0
17
0
1
0
26
0
0
0
0
0
1
0
0
4
0
0
0
0
1
0
0
7
0
0
0
0
1
0
0
0
0
0
0
10
1
0
0
0
0
0
29
0
1
0
0
0
0
0
48
0
0
0
0
0
0
0
0
0
1
0
0
0
0
0
0
12
1
0
0
0
0
0
0
19
1
0
0
0
0
0
0
0
7
0
0
0
0
0
0
0
10
0
0
0
18
0
0
0
1
0
0
0
22
0
0
0
1
0
0
0
0
0
0
27
1
0
0
31
0
0
0
0
1
0
0
0
0
0
0
0
28
0
0
0
0
0
0
0
38
0
0
0
41
0
0
0
1
0
0
0
43
0
0
0
1
0
0
0
0
0
0
38
1
0
0
47
0
0
0
0
1
53
0
0
0
0
0
0
1
0
0
0
45
0
0
0
1
0
0
0
0
0
0
0
50
0
0
0
0
0
0
0
52
54
0
0
0
0
0
0
1
0
0
0
0
55
0
0
1
0
0
0
0
0
33
0
1
0
36
0
0
0
0
0
1
0
41
0
0
0
0
0
1
