49
0
22
0
0
0
0
0
0
0
0
22
28
44
79
0
0
19
91
0
0
28
44
79
0
0
19
91
0
22
28
44
79
0
0
19
91
0
22
28
44
34
0
0
19
49
0
22
0
0
0
0
0
0
0
0
22
28
44
79
0
0
19
91
0
0
28
44
79
0
0
19
91
0
22
28
44
79
0
0
19
91
0
22
28
44
34
0
0
67
49
0
22
0
0
0
0
0
49
0
0
22
28
44
79
0
0
19
91
0
0
28
44
79
0
0
19
91
0
22
28
44
79
0
0
19
91
0
22
28
44
34
0
0
19
49
0
22
0
0
0
0
0
0
0
0
22
28
44
79
0
0
19
91
0
0
28
44
79
0
0
19
91
0
22
28
44
79
0
0
19
91
0
22
28
44
34
0
0
145
49
0
22
0
0
0
0
0
0
0
0
22
28
44
79
0
0
0
91
0
0
28
44
79
0
152
0
91
0
22
28
44
79
0
0
0
91
0
22
28
44
34
0
0
0
49
0
22
0
0
0
0
0
0
0
0
22
28
44
79
0
0
19
91
0
0
28
44
79
0
0
19
91
0
22
28
44
79
0
0
19
91
0
22
28
44
34
0
0
19
49
0
22
0
0
0
0
65
0
0
0
22
28
44
79
0
0
19
91
0
0
28
44
79
0
0
19
91
0
22
28
44
79
0
0
19
91
0
22
28
44
34
0
0
19
49
0
22
0
0
0
0
0
0
0
0
22
28
44
79
0
0
19
91
0
0
28
44
79
0
0
19
91
0
22
28
44
79
0
89
19
91
0
22
28
44
34
0
0
19
49
0
22
0
0
0
0
0
0
0
0
22
28
44
79
0
0
19
91
0
0
28
44
79
0
0
19
91
0
22
28
44
79
0
0
19
91
0
22
28
44
34
0
91
19
49
0
22
0
0
0
0
0
0
0
0
22
28
44
0
0
0
19
91
0
0
28
44
0
0
0
19
91
0
22
28
44
0
0
224
19
91
0
22
28
44
0
0
0
19
49
0
22
0
0
0
0
0
0
0
0
22
28
44
79
0
0
19
91
0
0
28
44
79
0
0
19
91
0
22
28
44
79
0
0
19
91
0
22
28
44
34
0
0
19
49
0
22
0
0
0
0
0
0
0
0
22
28
44
34
0
0
19
91
0
0
28
44
34
0
0
19
91
0
22
28
44
34
0
0
19
91
0
22
28
44
34
178
0
19
49
0
22
0
0
7
0
0
0
0
0
22
28
44
79
0
0
19
91
0
0
28
44
79
0
0
19
91
0
22
28
44
79
0
0
19
91
0
22
28
44
34
0
0
19
49
0
22
0
0
0
0
0
0
0
0
22
28
44
79
0
0
19
91
0
0
28
44
79
0
0
19
91
0
22
28
44
79
0
0
19
91
0
22
28
44
34
0
0
19
49
0
22
0
0
0
0
0
0
0
0
22
28
44
79
0
0
19
91
0
0
28
44
79
0
0
19
91
0
22
28
44
79
0
0
19
91
0
22
28
44
127
0
0
19
49
0
22
0
0
0
0
0
0
0
0
22
28
0
79
0
0
19
91
0
0
28
0
79
0
0
19
91
0
22
28
0
256
0
0
19
91
0
22
28
0
34
0
0
19
49
0
22
0
0
0
0
0
0
0
0
22
28
44
79
0
0
19
91
0
0
28
44
79
0
0
19
91
0
22
28
44
79
0
0
19
91
0
22
28
44
34
0
0
19
49
0
22
0
39
0
0
0
0
0
0
22
28
44
79
0
0
19
91
0
0
28
44
79
0
0
19
91
0
22
28
44
79
0
0
19
91
0
22
28
44
34
0
0
19
49
0
22
0
78
0
0
0
0
0
0
22
28
44
79
0
0
19
91
0
0
28
44
79
0
0
19
91
0
22
28
44
79
0
0
19
91
0
22
28
44
34
0
0
19
49
0
22
0
0
0
0
0
0
0
0
22
28
44
79
0
0
19
91
0
0
28
44
79
0
0
19
91
0
22
28
44
79
0
0
19
91
0
22
28
129
34
0
0
19
0
0
22
0
0
0
0
0
0
0
0
22
28
44
79
0
0
19
0
0
0
28
226
79
0
0
19
0
0
22
28
44
79
0
0
19
0
0
22
28
44
34
0
0
19
49
0
22
0
0
0
0
0
0
0
0
22
28
44
79
0
0
19
91
0
0
28
44
79
0
0
19
91
0
22
28
44
79
0
0
19
91
0
22
28
44
34
0
0
19
86
0
22
0
0
0
0
0
0
0
0
22
28
44
79
0
0
19
91
0
0
28
44
79
0
0
19
91
0
22
28
44
79
0
0
19
91
0
22
28
44
34
0
0
19
49
0
197
0
0
0
0
0
0
0
0
22
28
44
79
0
0
19
49
0
0
28
44
79
0
0
19
49
0
22
28
44
79
0
0
19
49
0
22
28
44
34
0
0
19
49
0
22
0
0
0
0
0
0
0
0
22
28
44
79
0
0
19
91
0
0
28
44
79
0
0
19
91
0
22
28
44
79
0
0
19
91
0
22
28
44
34
16
0
19
49
0
22
0
0
0
0
0
0
0
0
22
28
44
79
0
0
19
91
0
0
28
44
79
0
0
19
91
0
22
28
44
79
0
0
19
91
0
22
28
44
34
0
0
19
49
0
22
0
0
0
102
0
0
0
0
22
28
44
79
0
0
19
91
0
0
28
44
79
0
0
19
91
0
22
28
44
79
0
0
19
91
0
22
28
44
34
0
0
19
49
0
81
0
0
0
0
0
0
0
0
22
28
44
79
0
0
19
91
0
0
28
44
79
0
0
19
91
0
22
28
44
79
0
0
19
91
0
22
28
44
34
0
0
19
49
0
22
0
0
0
0
0
0
0
0
22
0
44
79
0
0
19
91
0
0
0
44
79
0
0
19
91
0
22
0
44
79
0
0
19
252
0
22
0
44
34
0
0
19
49
0
22
0
0
0
0
0
0
0
0
22
28
44
79
0
0
19
91
0
89
28
44
79
0
0
19
91
0
22
28
44
79
0
0
19
91
0
22
28
44
34
0
0
19
49
0
22
0
0
0
0
0
0
0
0
22
28
44
79
0
0
19
91
0
0
28
44
79
191
0
19
91
0
22
28
44
79
0
0
19
91
0
22
28
44
34
0
0
19
49
0
22
0
0
0
0
0
0
0
0
22
28
44
79
0
0
19
91
0
0
28
44
79
0
0
19
91
0
22
28
44
79
0
0
19
91
0
22
28
44
34
0
0
19
49
0
22
0
0
0
0
0
0
0
0
22
28
44
79
0
0
19
91
0
196
28
44
79
0
0
19
91
0
22
28
44
79
0
0
19
91
0
22
28
44
34
0
0
19
49
0
0
0
0
0
0
0
0
0
0
0
28
44
79
0
0
19
91
0
0
28
44
79
0
0
19
91
155
0
28
44
79
0
0
19
91
0
0
28
44
34
0
0
19
49
0
22
0
0
0
0
0
0
0
0
22
28
44
79
0
0
19
91
0
0
28
44
79
0
0
19
91
0
22
28
44
79
0
0
19
91
0
22
28
44
34
0
0
19
49
0
22
62
0
0
0
0
0
0
0
22
28
44
79
0
0
19
91
0
0
28
44
79
0
0
19
91
0
22
28
44
79
0
0
19
91
0
22
28
44
34
0
0
19
49
81
22
0
0
0
0
0
0
0
0
22
28
44
79
0
0
19
91
0
0
28
44
79
0
0
19
91
0
22
28
44
79
0
0
19
91
0
22
28
44
34
0
0
19
49
0
22
138
0
0
0
0
0
0
0
22
28
44
79
0
0
19
91
0
0
28
44
79
0
0
19
91
0
22
28
44
79
0
0
19
91
0
22
28
44
34
0
0
19
49
0
22
0
0
0
0
0
202
0
0
22
28
44
79
0
0
19
91
0
0
28
44
79
0
0
19
91
0
22
28
44
79
0
0
19
91
0
22
28
44
34
0
0
19
49
0
22
0
0
0
0
0
0
0
0
22
28
44
79
0
0
19
91
0
0
28
44
79
0
0
19
91
0
22
28
44
79
0
0
19
91
137
22
28
44
34
0
0
19
49
0
22
184
0
0
0
0
0
0
0
22
28
44
79
0
0
19
91
0
0
28
44
79
0
0
19
91
0
22
28
44
79
0
0
19
91
0
22
28
44
34
0
0
19
