3
0
0
0
0
0
0
3
1
0
0
1
3
3
1
0
0
1
3
0
0
0
0
0
0
3
1
0
0
1
3
3
1
0
0
1
5
0
0
0
0
0
0
3
1
0
0
1
3
3
1
0
0
1
8
0
0
0
0
0
0
3
1
0
0
1
3
3
1
0
0
1
3
0
0
0
0
0
0
3
1
0
0
1
14
3
1
0
0
1
3
0
0
0
0
8
0
3
1
0
0
1
3
3
1
0
0
1
3
0
0
0
0
0
22
3
0
0
0
1
3
3
0
0
0
1
3
0
0
0
0
0
0
3
1
0
0
1
17
3
1
0
0
1
3
0
0
0
0
0
0
3
1
0
0
1
3
3
1
0
0
1
3
0
0
0
0
11
0
3
1
0
0
1
3
3
1
0
0
1
3
0
24
0
0
0
0
0
1
0
0
1
3
0
1
0
0
1
0
0
0
24
0
0
0
3
1
0
0
1
0
3
1
0
0
1
3
0
0
0
0
13
0
3
1
0
0
1
3
3
1
0
0
1
3
0
0
0
0
19
0
3
1
0
0
1
3
3
1
0
0
1
3
0
0
0
23
0
0
3
1
0
0
0
3
3
1
0
0
0
3
0
0
0
0
0
0
3
1
0
0
1
3
3
1
0
0
1
3
0
0
0
0
0
0
3
1
0
0
1
3
3
1
0
0
1
3
0
0
0
0
0
0
3
1
0
0
1
3
3
1
0
0
1
3
0
4
0
0
0
0
3
1
0
0
1
3
3
1
0
0
1
3
0
0
8
0
0
0
3
1
0
0
1
3
3
1
0
0
1
3
5
0
0
0
0
0
3
1
0
0
1
3
3
1
0
0
1
3
0
0
0
0
0
0
3
1
0
0
1
3
3
12
0
0
1
3
0
0
0
0
20
0
3
1
0
0
1
3
3
1
0
0
1
3
0
0
0
0
0
0
3
1
0
0
1
3
10
1
0
0
1
3
0
0
12
0
0
0
3
1
0
0
1
3
3
1
0
0
1
3
0
0
0
0
21
0
3
1
0
0
1
3
3
1
0
0
1
3
0
0
0
0
0
18
3
1
0
0
1
3
3
1
0
0
1
3
0
0
0
10
0
0
3
1
0
0
1
3
3
1
0
0
1
3
0
0
0
0
0
0
14
1
0
0
1
3
3
1
0
0
1
3
0
0
18
0
0
0
3
1
0
0
1
3
3
1
0
0
1
3
0
0
0
19
0
0
3
1
0
0
1
3
3
1
0
0
1
3
0
0
0
0
0
0
3
1
0
0
1
3
3
19
0
0
1
3
0
0
20
0
0
0
3
1
0
0
1
3
3
1
0
0
1
3
21
0
0
0
0
0
3
1
0
0
1
3
3
1
0
0
1
