0
0
0
0
0
234
0
0
0
0
0
0
0
0
0
0
0
0
0
0
0
0
0
186
0
0
0
0
0
0
0
0
0
0
0
0
0
0
0
0
0
224
0
0
0
0
0
0
0
0
0
0
0
0
0
0
0
0
0
0
0
41
66
0
0
0
0
0
0
0
0
0
0
0
133
0
0
0
0
0
0
0
0
0
0
0
0
0
0
0
0
0
0
31
0
236
236
0
0
0
236
230
236
0
0
0
0
0
0
0
0
0
0
0
0
0
0
0
0
0
0
0
0
0
0
0
0
0
0
0
0
0
0
0
203
0
0
0
0
0
0
0
0
0
0
0
0
0
0
0
0
0
0
0
0
0
0
0
0
0
236
0
0
0
0
0
0
215
0
0
0
0
0
0
0
0
0
0
0
0
0
0
0
0
0
0
0
0
0
0
0
0
0
70
0
0
0
0
0
0
0
0
0
0
0
0
0
0
36
0
0
0
0
0
0
0
0
203
0
0
0
0
0
0
0
0
0
0
0
236
0
225
0
0
0
0
0
0
0
0
0
0
0
0
0
0
0
179
0
0
0
0
0
0
0
0
0
23
0
0
0
0
0
0
0
0
0
0
0
0
0
0
0
32
0
0
0
0
0
0
0
0
0
0
0
0
0
0
5
0
0
0
0
0
0
0
5
0
230
230
0
0
0
0
0
0
0
0
0
0
204
0
63
0
0
0
0
0
0
0
0
0
0
0
0
0
0
0
0
0
0
0
234
0
0
0
0
0
0
0
234
0
0
0
0
0
0
0
0
0
0
0
27
0
0
0
0
0
0
0
0
0
0
0
0
0
0
0
0
0
0
0
0
198
0
0
0
0
0
0
0
0
0
0
0
26
0
0
0
0
0
0
0
0
0
0
0
26
0
0
0
0
0
0
0
0
0
0
0
0
0
0
0
0
0
0
0
0
0
0
80
0
0
0
0
0
0
0
0
0
0
0
0
0
0
0
0
0
0
0
0
203
0
0
0
0
0
0
0
0
0
0
0
0
0
0
0
0
0
0
27
0
0
0
0
0
0
0
0
0
0
0
0
0
0
0
228
0
0
0
0
0
0
225
0
3
0
0
0
0
0
0
0
0
0
0
0
0
0
0
0
34
0
0
0
0
0
0
221
0
0
0
0
0
0
0
0
0
0
0
0
0
0
26
0
0
0
0
62
0
0
0
0
0
0
0
0
0
0
0
0
0
0
0
0
0
0
0
66
0
0
0
0
66
0
0
0
0
0
203
0
0
0
0
203
0
0
0
0
0
0
0
0
0
0
0
0
0
0
0
0
0
0
0
0
0
0
0
0
0
0
129
0
0
0
0
0
0
0
162
0
0
0
0
0
0
0
0
0
0
0
0
0
0
0
0
0
0
0
0
0
0
0
26
0
0
0
0
0
0
0
0
0
0
0
0
0
53
0
0
0
0
222
0
0
0
0
0
29
0
0
0
0
0
0
0
0
0
0
0
0
0
0
0
0
0
0
0
0
0
0
0
0
0
0
0
0
0
0
0
0
31
0
0
0
0
0
0
0
0
0
0
0
0
200
0
0
0
0
0
0
0
0
0
0
0
0
0
0
0
0
0
0
0
0
0
0
0
0
221
0
0
0
225
0
0
0
0
0
0
0
0
0
0
0
225
0
236
0
0
0
0
182
0
0
0
0
0
0
0
0
0
0
0
0
0
0
0
0
0
0
0
0
0
0
0
0
0
0
0
0
0
6
0
0
26
0
0
150
0
0
0
0
150
0
0
0
0
0
0
0
0
0
0
0
0
0
0
0
0
0
0
35
0
0
0
0
0
0
0
0
0
0
0
0
0
0
0
0
0
0
0
0
0
0
207
0
0
0
0
0
0
0
0
0
0
31
0
0
0
0
0
0
0
0
0
0
0
199
0
0
0
0
0
0
150
0
0
0
0
0
0
0
150
0
0
0
0
0
0
0
0
0
0
0
0
0
0
0
167
0
0
0
0
0
0
0
23
113
0
0
0
0
0
0
0
0
0
0
0
0
0
169
0
0
0
0
0
0
0
0
0
0
0
0
0
0
0
0
0
0
0
0
0
175
0
0
0
0
0
0
0
0
0
0
0
0
26
0
0
0
0
0
0
31
0
0
0
0
0
0
179
0
0
0
203
236
0
0
224
0
0
0
0
0
0
0
0
0
0
0
0
0
179
0
0
0
0
0
0
0
0
0
0
0
0
0
0
0
0
0
0
0
0
171
0
0
0
0
0
0
0
0
0
0
0
0
27
0
0
0
0
0
0
0
0
0
0
0
0
0
0
0
0
0
27
0
0
0
0
0
0
0
0
0
0
0
0
0
0
0
34
0
221
0
0
0
0
0
0
0
208
0
0
0
0
0
0
0
0
0
0
0
0
0
0
0
0
0
0
0
0
0
0
0
0
0
0
18
0
0
203
0
0
0
0
0
0
0
203
0
0
0
204
0
204
0
0
29
0
0
0
0
0
0
41
0
0
0
0
0
0
0
0
0
0
0
0
0
0
0
0
63
0
0
0
0
0
0
0
0
0
0
0
0
0
203
0
0
0
0
0
0
0
0
0
0
0
0
0
0
0
0
0
0
0
0
0
0
0
0
150
0
150
0
0
0
0
0
0
23
0
0
0
0
23
0
0
0
0
0
227
0
0
0
0
0
0
0
0
4
0
0
23
0
0
0
23
0
0
0
0
0
0
0
0
54
0
0
0
0
0
0
0
0
0
0
26
0
0
0
0
0
0
5
0
0
0
0
0
0
0
0
0
0
0
0
5
0
0
0
0
0
0
0
0
0
0
162
0
0
0
0
0
0
0
0
0
0
0
53
0
0
0
0
0
0
0
0
0
0
0
0
0
0
0
0
0
