0
0
0
0
0
0
11
2
2
0
0
0
11
2
2
0
0
0
0
0
0
0
0
2
11
2
2
0
0
0
11
2
2
0
0
0
0
0
0
0
0
31
11
2
2
0
0
0
11
2
2
0
0
0
0
0
0
0
0
0
11
2
2
0
0
0
11
2
2
0
0
46
0
0
0
0
0
77
11
2
2
0
0
0
11
2
2
0
0
0
0
0
0
0
0
113
11
2
2
0
0
0
11
2
2
0
0
0
0
0
0
0
0
0
11
2
2
0
0
0
11
2
2
0
0
0
0
0
0
0
0
0
11
2
2
0
26
0
11
2
2
0
0
0
0
0
0
0
0
0
11
2
2
0
51
0
11
2
2
0
0
0
0
0
0
0
0
0
11
2
2
0
0
0
11
2
2
0
73
0
0
0
0
0
0
0
11
2
2
0
0
0
11
2
2
0
82
0
0
0
0
0
0
0
11
2
2
0
0
0
11
2
2
0
0
0
0
0
0
18
0
0
11
2
2
0
0
0
11
2
2
0
0
0
0
0
0
0
0
0
11
2
2
0
0
0
11
2
2
23
0
0
0
0
0
0
0
0
11
2
2
0
0
0
11
2
2
42
0
0
0
0
0
0
0
0
11
2
2
0
0
0
11
2
2
0
0
0
0
0
0
0
0
0
11
2
2
52
0
0
11
2
2
0
0
0
0
0
0
84
0
0
11
2
2
0
0
0
11
2
2
0
0
0
0
0
0
0
87
0
11
2
2
0
0
0
11
2
2
0
0
0
0
0
0
0
0
0
11
2
2
0
0
0
11
2
2
0
0
145
0
0
0
101
0
0
11
2
2
0
0
0
11
2
2
0
0
0
0
0
0
0
0
0
11
2
2
0
0
0
11
2
2
107
0
0
0
0
0
0
0
0
11
2
2
0
0
0
11
2
2
122
0
0
0
0
0
0
0
0
11
2
2
0
0
0
11
2
2
153
0
0
0
0
0
0
0
0
0
2
2
209
0
0
0
2
2
0
0
0
27
0
0
0
0
0
11
2
2
0
0
0
11
2
2
0
0
0
35
0
0
0
0
0
11
2
2
0
0
0
11
2
2
0
0
0
65
0
0
0
0
0
11
2
2
0
0
0
11
2
2
0
0
0
87
0
0
0
0
0
11
2
2
0
0
0
11
2
2
0
0
0
0
0
0
0
0
161
11
2
2
0
0
0
11
2
2
0
0
0
102
0
0
0
0
0
11
2
2
0
0
0
11
2
2
0
0
0
106
0
0
0
0
0
11
2
2
0
0
0
11
2
2
0
0
0
0
0
0
0
0
162
11
2
2
0
0
0
11
2
2
0
0
0
136
0
0
0
0
0
11
2
2
0
0
0
11
2
2
0
0
0
0
0
0
0
0
0
171
2
2
0
0
0
11
2
2
0
0
0
0
0
0
0
0
0
195
2
2
0
0
0
11
2
2
0
0
0
198
0
0
0
0
0
11
2
2
0
0
0
11
2
2
0
0
0
0
0
0
0
0
0
11
2
2
0
0
0
233
2
2
0
0
0
0
0
0
0
0
0
11
2
2
0
0
0
11
2
2
0
0
0
0
0
0
0
115
0
11
2
2
0
0
0
11
2
2
0
0
0
0
0
0
0
0
0
11
2
2
0
153
0
11
2
2
0
0
0
0
0
30
0
0
0
11
2
2
0
0
0
11
2
2
0
0
0
0
0
52
0
0
0
11
2
2
0
0
0
11
2
2
0
0
0
0
0
64
0
0
0
11
2
2
0
0
0
11
2
2
0
0
0
0
0
0
0
0
221
11
2
2
0
0
0
11
2
2
0
0
0
0
0
0
186
0
0
11
2
2
0
0
0
11
2
2
0
0
0
0
0
85
0
0
0
11
2
2
0
0
0
11
2
2
0
0
0
0
0
0
232
0
0
11
2
2
0
0
0
11
2
2
0
0
0
0
0
0
0
0
222
11
2
2
0
0
0
11
2
2
0
0
0
0
0
120
0
0
0
11
2
2
0
0
0
11
2
2
0
0
0
0
0
0
0
180
0
11
2
2
0
0
0
11
2
2
0
0
0
0
0
135
0
0
0
11
2
2
0
0
0
11
2
2
0
0
0
0
0
0
0
0
0
11
2
2
0
0
0
11
2
2
0
0
0
0
25
0
0
0
0
11
2
2
0
0
0
11
2
2
0
0
0
0
0
0
0
0
0
11
2
2
0
0
0
11
53
2
0
0
0
0
75
0
0
0
0
11
2
2
0
0
0
11
2
2
0
0
0
0
0
0
0
0
234
11
2
2
0
0
0
11
2
2
0
0
0
0
0
0
0
0
0
11
2
0
0
0
0
11
2
0
0
0
200
0
0
0
0
200
0
11
0
2
0
0
0
11
0
2
0
0
0
0
86
0
0
0
0
11
2
2
0
0
0
11
2
2
0
0
0
0
0
0
0
0
0
11
2
2
0
0
0
11
2
165
0
0
0
0
116
0
0
0
0
11
2
2
0
0
0
11
2
2
0
0
0
0
0
0
0
0
0
11
2
2
0
0
0
11
130
2
0
0
0
0
145
0
0
0
0
11
2
2
0
0
0
11
2
2
0
0
0
0
178
0
0
0
0
11
2
2
0
0
0
11
2
2
0
0
0
0
0
0
0
0
0
11
2
2
0
0
0
11
2
202
0
0
0
0
0
206
0
0
0
11
2
2
0
0
0
11
2
2
0
0
0
0
207
0
0
0
0
11
2
2
0
0
0
11
2
2
0
0
0
0
0
0
0
0
0
11
2
2
0
0
0
11
228
2
0
0
0
0
0
209
0
0
0
11
2
2
0
0
0
11
2
2
0
0
0
0
0
222
0
0
0
11
2
2
0
0
0
11
2
2
0
0
0
