2
0
0
0
1
0
10
0
0
0
1
0
18
0
0
0
1
0
2
0
0
23
1
0
2
0
0
25
1
0
2
0
0
33
1
0
0
0
0
0
73
0
2
0
0
0
1
0
2
0
0
37
1
0
2
0
0
0
5
0
2
0
0
40
1
0
2
0
0
0
11
0
2
0
0
0
17
0
2
0
0
0
26
0
2
27
0
0
1
0
2
0
0
0
36
0
2
0
0
0
44
0
52
0
0
0
1
0
59
0
0
0
1
0
60
0
0
0
1
0
2
0
0
0
46
0
2
0
0
67
1
0
2
0
0
0
48
0
2
0
0
0
0
71
2
0
0
0
1
0
2
0
0
0
1
4
2
0
10
0
1
0
2
0
12
0
1
0
2
0
16
0
1
0
2
0
20
0
1
0
2
0
30
0
1
0
2
0
37
0
1
0
2
0
0
0
1
43
2
0
0
0
1
51
2
0
0
74
1
0
2
0
0
75
1
0
2
0
0
0
1
53
2
0
0
76
1
0
2
0
0
0
1
60
2
50
0
0
1
0
79
0
0
0
1
0
2
0
0
0
1
70
2
0
0
0
55
0
2
0
0
0
62
0
2
65
0
0
1
0
2
69
0
0
1
0
2
71
0
0
1
0
