57
0
0
0
0
0
36
0
0
0
0
0
74
0
0
0
0
0
0
1
0
0
0
0
0
0
0
0
12
0
0
0
0
0
80
2
0
0
0
0
0
69
0
0
0
0
0
0
0
3
0
76
0
0
0
0
0
0
12
56
0
0
0
0
63
0
0
0
0
0
0
74
65
0
0
0
0
0
25
0
0
0
0
0
2
0
0
0
73
0
0
70
0
0
0
0
0
0
0
0
0
6
0
0
0
27
0
0
27
0
0
0
0
0
0
56
0
0
0
6
0
78
0
0
0
0
50
0
0
0
0
0
33
0
0
0
0
0
0
6
0
0
0
0
29
0
0
0
0
0
44
0
0
0
0
0
7
78
0
0
0
0
0
8
0
0
11
0
0
52
0
0
0
0
0
0
12
0
0
40
0
0
20
20
0
0
0
65
0
0
4
0
0
0
4
2
0
0
0
0
0
0
0
0
0
0
20
0
0
0
0
0
0
1
0
0
0
0
73
0
0
0
24
0
0
0
0
0
0
0
0
0
20
0
0
0
0
0
0
0
28
0
0
0
0
0
0
0
0
0
0
47
0
0
0
0
0
62
0
0
69
0
0
0
0
0
0
76
0
0
0
78
0
0
0
0
0
0
15
0
0
0
