200
0
0
0
0
0
142
0
0
0
0
0
33
0
0
0
0
0
632
0
0
0
0
0
0
0
0
0
0
0
0
0
0
0
487
0
0
0
0
0
48
0
0
0
457
0
0
0
0
0
0
0
0
471
0
0
0
0
602
0
230
0
0
0
0
0
16
0
0
0
0
0
0
0
0
0
0
565
0
0
0
0
0
423
0
0
0
0
45
641
0
0
0
0
0
392
0
0
10
0
393
392
0
0
620
0
0
0
107
0
0
0
0
0
0
0
338
0
0
0
0
0
0
558
0
0
0
0
0
0
0
443
0
0
0
0
640
0
120
0
0
0
0
0
50
0
0
0
0
0
0
0
0
0
46
0
0
54
0
0
0
0
0
0
0
0
100
0
0
0
0
0
47
0
0
27
0
0
0
0
0
0
0
0
72
0
502
0
0
0
0
0
0
0
329
0
0
0
628
0
0
637
0
28
0
0
0
0
17
0
0
0
0
0
525
0
422
0
0
0
0
0
0
15
0
0
0
0
0
0
0
0
45
0
0
0
0
0
549
0
0
0
381
0
0
0
0
0
404
0
0
0
0
0
433
0
0
0
0
0
0
0
0
527
0
0
484
0
0
0
658
0
0
0
0
33
0
0
372
0
0
0
0
0
0
0
0
629
0
452
0
0
0
0
0
477
0
0
0
0
0
0
0
0
0
0
0
0
0
592
0
0
0
0
404
657
0
0
0
0
0
0
0
595
0
0
0
0
455
0
57
0
0
0
0
0
632
0
620
0
0
634
0
0
10
0
0
0
473
0
0
0
0
0
0
587
0
0
0
0
0
658
0
36
0
0
0
0
498
0
0
0
0
439
0
0
0
0
0
0
16
0
0
0
0
0
0
0
0
416
0
0
590
0
0
0
79
0
0
0
0
0
0
0
0
612
0
0
556
0
0
0
0
0
89
0
0
0
0
0
0
34
0
0
0
0
0
0
0
20
658
0
0
509
0
0
0
0
0
0
529
0
0
0
0
0
0
0
0
508
0
546
26
0
0
0
0
0
564
0
0
0
0
0
18
0
0
0
596
0
0
0
0
0
576
0
0
0
0
0
0
558
0
0
0
0
0
0
0
0
424
0
0
618
0
0
0
0
0
0
0
31
0
0
440
0
0
12
0
0
0
0
0
0
566
0
0
0
0
0
0
0
518
0
0
0
0
0
175
0
0
0
0
0
259
0
0
0
0
0
524
0
0
0
0
0
