0
0
0
2
0
18
0
0
0
32
0
18
0
620
0
0
0
18
0
0
0
2
0
18
0
0
0
65
0
18
0
0
0
77
0
18
113
0
0
2
0
18
0
26
0
2
0
18
0
0
0
638
0
0
0
0
0
139
0
18
0
0
0
2
53
18
0
0
0
2
82
18
175
0
0
2
0
18
0
0
0
2
0
18
0
99
0
2
0
18
0
0
0
2
116
18
0
0
20
2
0
18
0
0
0
2
140
18
205
0
0
2
0
18
0
178
0
2
0
18
0
212
0
2
0
18
0
0
0
2
246
18
0
274
0
2
0
18
0
308
0
2
0
18
0
0
51
2
0
18
0
0
58
2
0
18
218
0
0
2
0
18
0
0
0
234
0
18
0
0
0
240
0
18
0
0
59
2
0
18
239
0
0
2
0
18
0
0
0
269
0
18
0
330
0
2
0
18
0
339
0
2
0
18
283
0
0
2
0
18
0
0
0
313
0
18
0
0
66
2
0
18
0
0
0
337
0
18
347
0
0
2
0
18
0
0
0
350
0
18
0
370
0
2
0
18
0
393
0
2
0
18
0
0
0
367
0
18
389
0
0
2
0
18
427
0
0
2
0
18
0
0
0
443
0
18
448
0
0
2
0
18
0
422
0
2
0
18
0
0
0
459
0
18
0
427
0
2
0
18
0
0
84
2
0
18
0
0
0
484
0
18
0
459
0
2
0
18
502
0
0
2
0
18
0
0
99
2
0
18
0
0
131
2
0
18
0
0
153
2
0
18
0
0
160
2
0
18
0
0
166
2
0
18
0
0
195
2
0
18
0
0
226
2
0
18
0
0
230
2
0
18
0
0
261
2
0
18
0
0
274
2
0
18
0
0
276
2
0
18
0
0
283
2
0
18
0
0
313
2
0
18
0
0
323
2
0
18
0
0
348
2
0
18
0
0
368
2
0
18
0
0
386
2
0
18
0
0
406
2
0
18
0
0
417
2
0
18
0
0
454
2
0
18
0
0
489
2
0
18
0
0
508
2
0
18
0
0
520
2
0
18
0
0
546
2
0
18
0
488
0
2
0
18
0
0
554
2
0
18
0
0
574
2
0
18
0
0
603
2
0
18
536
0
0
2
0
18
0
0
634
2
0
18
0
520
0
2
0
18
576
0
0
2
0
18
0
554
0
2
0
18
0
0
0
2
571
18
0
0
0
614
0
18
0
577
0
2
0
18
0
610
0
2
0
18
