0
0
0
0
155
0
0
0
52
0
0
38
0
0
52
0
0
38
0
0
0
0
0
0
6
0
52
0
0
38
19
0
52
0
0
38
0
0
0
0
0
0
95
0
52
0
0
38
19
0
52
0
0
38
0
0
0
0
0
0
217
0
52
39
0
38
19
0
52
0
0
38
0
0
0
0
0
0
6
0
52
0
0
38
19
0
52
0
0
38
103
0
0
0
0
0
6
0
52
0
0
38
19
0
52
0
0
38
0
0
0
0
29
0
6
0
52
0
0
38
19
0
52
0
0
38
0
0
0
0
0
0
6
0
52
0
0
38
135
0
52
0
0
38
0
0
0
224
0
0
6
0
0
0
0
38
19
0
0
0
0
38
0
0
0
0
0
0
6
0
52
0
0
38
19
0
52
0
0
38
191
0
0
0
0
0
6
0
52
0
0
38
19
0
52
0
0
38
0
0
0
0
0
0
6
0
52
0
0
38
19
0
52
0
0
38
0
0
0
0
85
0
6
0
52
0
0
38
19
0
52
0
0
38
0
178
0
0
0
0
6
0
52
0
0
38
6
0
52
0
0
38
0
0
28
0
0
0
6
0
52
0
0
38
19
0
52
0
0
38
0
0
0
28
0
0
6
0
52
0
0
38
19
0
52
0
0
38
0
0
0
0
0
0
6
0
52
0
0
38
19
0
52
0
0
38
0
0
237
0
0
0
6
0
52
0
0
0
19
0
52
0
0
0
0
0
0
0
114
0
6
0
52
0
0
38
19
0
52
0
0
38
0
0
0
0
0
0
6
0
52
0
0
38
19
0
52
0
0
38
0
0
71
0
0
0
6
0
52
0
0
38
19
0
52
0
0
38
0
0
0
97
0
0
6
0
52
0
0
38
19
0
52
0
0
38
0
0
0
0
0
20
6
0
52
0
0
38
19
0
52
0
0
38
0
0
0
0
0
32
6
0
52
0
0
38
19
0
52
0
0
38
0
0
0
0
136
0
6
0
52
0
0
38
19
0
52
0
0
38
0
0
0
0
0
79
6
0
52
0
0
38
19
0
52
0
0
38
0
0
105
0
0
0
6
0
52
0
0
38
19
0
52
0
0
38
0
0
0
0
0
0
6
0
52
158
0
38
19
0
52
0
0
38
0
0
0
0
0
142
6
0
52
0
0
38
19
0
52
0
0
38
0
0
0
0
0
0
6
0
52
0
0
38
19
74
52
0
0
38
0
113
0
0
0
0
6
0
52
0
0
38
19
0
52
0
0
38
