0
0
0
0
0
0
213
213
2
0
0
0
0
0
0
213
0
0
0
0
0
0
0
0
0
0
0
174
0
0
0
0
0
0
0
0
0
172
0
0
0
0
0
0
0
0
0
0
0
0
0
0
0
0
0
0
0
0
0
0
0
0
0
0
0
0
0
0
0
0
0
0
0
0
0
0
238
0
0
0
0
0
0
60
0
0
0
0
0
0
0
0
0
0
0
0
0
0
0
0
0
0
0
0
0
0
0
0
0
0
0
0
204
0
0
0
0
0
0
0
0
0
0
0
0
0
0
0
0
0
0
0
0
27
0
0
0
0
0
0
0
238
0
0
0
0
0
0
0
0
0
0
0
0
0
0
0
0
0
0
0
0
0
171
0
0
0
212
0
0
0
0
0
0
0
0
0
0
0
0
0
0
0
0
0
0
0
0
0
0
0
0
0
0
0
0
0
0
0
0
0
0
0
26
0
0
0
0
0
47
0
0
0
0
0
0
0
0
0
0
0
0
0
0
0
238
0
0
0
0
60
0
238
0
0
0
0
51
0
0
0
0
0
0
0
0
0
0
0
0
0
0
0
0
0
0
0
0
0
0
0
0
0
0
215
0
0
0
0
23
0
0
0
0
0
0
22
0
0
0
0
0
22
0
0
0
0
0
0
0
0
202
0
0
0
0
0
0
0
0
0
0
0
0
0
0
0
0
0
12
0
0
0
0
0
0
0
0
0
0
0
0
0
0
0
171
0
0
0
0
0
0
0
0
0
171
0
0
0
0
0
0
0
0
0
0
0
0
0
0
0
0
0
218
0
0
0
0
0
0
0
0
0
0
0
0
0
0
0
0
0
0
0
0
0
0
0
0
0
0
0
0
0
0
68
0
0
0
0
0
0
0
0
0
0
0
0
0
0
0
0
0
0
0
0
0
0
0
0
0
0
0
0
0
0
0
0
0
0
0
0
0
122
0
0
0
0
0
0
0
0
0
0
172
0
0
0
0
0
0
0
0
0
0
0
0
0
0
0
4
0
0
212
0
0
0
0
0
0
0
0
0
0
0
0
0
0
0
0
0
0
0
0
0
0
0
0
0
0
0
0
0
0
0
0
0
0
0
0
0
0
0
0
0
0
0
0
0
0
0
0
0
0
0
0
0
0
0
0
0
0
0
64
0
0
0
0
0
0
0
0
0
0
0
0
0
0
0
0
0
0
0
50
0
0
0
0
0
0
0
0
173
0
0
0
0
0
0
0
0
0
0
0
0
0
0
0
0
