0
0
0
0
0
0
0
0
0
0
0
0
0
0
0
0
0
0
0
289
0
0
0
0
377
0
0
0
0
0
174
0
0
0
0
0
0
0
0
0
0
0
0
0
0
0
0
0
0
0
0
0
0
0
0
8
0
0
0
636
0
0
0
0
0
0
0
0
0
0
0
0
0
0
0
174
0
0
316
0
0
504
0
316
0
0
0
0
0
0
0
0
0
0
0
0
0
0
0
0
0
0
0
522
0
0
0
0
401
0
0
0
0
0
0
410
0
0
0
0
0
81
0
0
0
0
0
0
0
0
0
0
0
0
0
0
0
278
0
0
0
0
0
0
0
0
0
0
0
0
608
0
0
0
0
0
0
0
0
0
0
0
0
0
0
0
0
0
0
0
0
0
0
0
0
0
0
0
0
0
88
0
0
0
0
0
0
480
0
0
0
0
0
0
0
0
0
25
0
0
0
0
0
0
0
0
0
0
0
0
0
0
0
0
207
0
0
0
0
0
0
0
0
0
0
0
0
0
0
5
0
0
0
0
51
0
0
0
0
0
0
0
0
0
0
0
0
0
0
0
571
0
0
0
0
0
0
0
0
0
0
0
0
0
0
0
0
0
610
0
0
0
0
0
377
0
0
0
0
0
0
0
0
0
0
0
0
618
0
0
0
0
0
0
0
0
0
0
0
0
0
0
0
376
0
0
0
0
0
0
0
0
0
0
55
0
135
0
0
0
0
0
0
0
0
0
0
512
0
0
174
0
0
0
0
0
0
0
0
0
0
0
0
465
0
0
0
0
0
207
0
0
465
0
422
0
0
0
0
0
0
135
0
0
0
0
0
0
0
0
0
0
0
0
0
0
19
0
0
0
0
0
0
0
0
0
0
0
0
0
0
0
0
0
0
0
0
0
0
0
0
62
0
0
0
0
0
316
542
0
0
0
0
0
0
0
561
0
0
0
0
0
0
440
0
0
0
0
0
0
440
0
0
3
0
0
0
0
0
0
0
0
0
0
0
440
0
0
0
0
0
0
224
0
0
0
0
0
0
0
0
0
0
0
0
0
0
0
0
0
0
0
0
0
0
635
0
0
3
0
0
0
0
0
0
0
0
0
0
0
0
0
603
0
0
0
0
0
0
0
0
0
0
0
0
0
0
0
0
405
0
0
0
632
0
0
0
0
0
0
0
0
0
0
0
174
0
0
0
0
0
0
0
218
0
0
0
0
0
0
0
0
401
401
0
0
0
0
0
0
0
0
0
497
0
0
0
0
0
0
0
0
0
0
0
71
0
57
0
0
0
0
0
0
0
0
0
0
0
288
0
0
0
0
0
0
0
0
363
0
0
0
0
0
0
0
0
0
0
0
0
0
0
0
0
0
0
88
0
0
0
0
0
0
0
0
0
0
0
0
0
0
0
0
0
0
0
0
0
0
71
0
316
0
0
0
34
534
0
0
71
0
603
0
0
0
0
0
0
0
552
0
0
0
0
0
0
592
0
0
0
0
0
0
0
0
0
0
0
0
0
0
0
0
55
0
0
0
0
0
0
0
0
0
0
0
0
0
0
0
0
0
11
0
0
0
0
0
0
0
0
0
0
0
0
0
0
0
0
0
0
0
0
233
0
0
0
0
0
0
0
0
636
0
0
0
0
0
0
0
0
0
0
0
0
0
0
316
316
0
0
0
0
0
0
0
0
0
0
0
0
0
0
0
0
0
0
0
316
0
0
0
0
0
316
0
0
0
0
0
0
0
0
0
0
0
0
0
497
0
0
0
54
0
0
0
0
0
0
0
0
0
0
0
0
0
0
0
0
0
0
0
0
0
0
0
0
0
0
0
0
0
0
376
0
0
0
0
0
0
0
0
595
0
0
0
0
316
514
0
0
0
0
0
0
0
0
0
3
0
71
0
0
0
0
0
0
0
0
0
0
0
0
636
0
0
0
0
0
0
0
422
0
0
422
0
0
0
0
0
0
0
0
0
0
552
552
0
0
0
0
552
0
0
0
0
0
0
0
0
0
0
0
233
377
0
377
0
0
0
0
0
0
0
555
0
0
0
0
0
3
0
0
3
0
0
0
0
0
0
0
0
0
0
0
0
0
0
0
0
0
0
0
323
0
0
0
0
0
0
0
0
0
0
0
594
0
0
0
0
0
0
57
0
0
0
0
0
0
0
587
0
0
0
0
0
0
0
0
0
0
0
0
0
0
0
0
0
0
0
0
0
0
0
0
508
0
0
0
0
608
0
0
0
636
0
0
0
0
0
608
0
0
0
608
0
0
0
0
0
0
0
0
0
0
0
0
0
455
0
88
0
0
0
5
0
0
88
0
0
608
0
0
0
0
88
0
0
0
0
0
0
0
0
0
0
0
0
0
0
0
0
0
0
0
0
0
0
0
0
0
0
57
0
0
0
0
0
0
0
0
0
0
0
636
0
0
57
0
0
