0
0
0
0
0
38
9
67
0
23
38
9
67
0
23
7
0
0
0
0
38
9
67
0
23
38
9
67
0
23
0
0
0
0
0
38
9
67
0
23
38
9
67
0
23
0
0
0
0
0
38
9
67
0
23
38
9
67
0
23
0
0
0
0
0
38
9
67
0
23
38
9
67
0
23
0
0
0
0
0
38
9
67
0
23
38
9
67
0
23
0
614
0
0
0
38
9
0
0
23
38
9
0
0
23
0
0
0
0
42
38
9
67
0
23
38
9
67
0
23
0
0
53
0
0
38
9
67
0
23
38
9
67
0
23
0
0
0
0
0
38
9
67
0
23
133
9
67
0
23
0
0
0
0
0
171
9
67
0
23
38
9
67
0
23
0
0
0
0
72
38
9
67
0
23
38
9
67
0
23
0
0
107
0
0
38
9
67
0
23
38
9
67
0
23
0
0
0
0
0
38
9
67
0
150
38
9
67
0
23
562
0
0
0
0
38
0
67
0
23
38
0
67
0
23
152
0
0
0
0
38
9
67
0
23
38
9
67
0
23
0
48
0
0
0
38
9
67
0
23
38
9
67
0
23
198
0
0
0
0
38
9
67
0
23
38
9
67
0
23
0
0
0
34
0
38
9
67
0
23
38
9
67
0
23
0
0
0
78
0
38
9
67
0
23
38
9
67
0
23
0
0
0
0
0
38
9
67
0
23
38
94
67
0
23
0
0
161
0
0
38
9
67
0
23
38
9
67
0
23
0
0
0
0
0
38
9
67
0
23
38
9
67
0
179
0
0
241
0
0
38
9
67
0
23
38
9
67
0
23
0
0
0
149
0
38
9
67
0
23
38
9
67
0
23
0
0
0
0
0
262
9
67
0
23
38
9
67
0
23
0
0
256
0
0
38
9
67
0
23
38
9
67
0
23
286
0
0
0
0
38
9
67
0
23
38
9
67
0
23
0
0
291
0
0
38
9
67
0
23
38
9
67
0
23
361
0
0
0
0
38
9
67
0
23
38
9
67
0
23
0
0
365
0
0
38
9
67
0
23
38
9
67
0
23
0
0
0
0
188
38
9
67
0
23
38
9
67
0
23
0
0
0
0
242
38
9
67
0
23
38
9
67
0
23
0
110
0
0
0
38
9
67
0
23
38
9
67
0
23
0
0
0
0
0
38
9
67
0
23
38
9
486
0
23
0
0
0
0
275
38
9
67
0
23
38
9
67
0
23
0
0
0
0
0
38
9
67
0
23
38
9
490
0
23
0
0
0
0
0
38
9
67
0
23
38
9
67
0
313
429
0
0
0
0
38
9
67
0
23
38
9
67
0
23
0
0
0
0
322
38
9
67
0
23
38
9
67
0
23
0
0
0
0
335
38
9
67
0
23
38
9
67
0
23
0
0
0
230
0
38
9
67
0
23
38
9
67
0
23
0
0
570
0
0
38
9
67
0
0
38
9
67
0
0
0
0
0
0
0
38
9
67
0
390
38
9
67
0
23
0
112
0
0
0
38
9
67
0
23
38
9
67
0
23
0
119
0
0
0
38
9
67
0
23
38
9
67
0
23
0
171
0
0
0
38
9
67
0
23
38
9
67
0
23
0
0
0
0
375
38
9
67
0
23
38
9
67
0
23
0
0
0
585
0
0
9
67
0
23
0
9
67
0
23
518
0
0
0
0
38
9
67
0
23
38
9
67
0
23
0
185
0
0
0
38
9
67
0
23
38
9
67
0
23
0
0
0
0
458
38
9
67
0
23
38
9
67
0
23
0
0
462
0
0
38
9
67
0
23
38
9
67
0
23
0
0
0
0
483
38
9
67
0
23
38
9
67
0
23
0
0
0
233
0
38
9
67
0
23
38
9
67
0
23
0
0
0
241
0
38
9
67
0
23
38
9
67
0
23
0
0
0
269
0
38
9
67
0
23
38
9
67
0
23
0
0
0
286
0
38
9
67
0
23
38
9
67
0
23
0
0
0
368
0
38
9
67
0
23
38
9
67
0
23
0
0
0
452
0
38
9
67
0
23
38
9
67
0
23
0
274
0
0
0
38
9
67
0
23
38
9
67
0
23
0
0
0
0
0
38
9
67
0
23
38
9
67
497
23
0
0
0
0
572
38
9
67
0
23
38
9
67
0
23
0
0
0
0
0
38
9
67
0
23
38
369
67
0
23
0
0
0
0
0
38
9
67
0
23
38
9
67
508
23
0
0
0
0
0
38
9
67
0
23
38
383
67
0
23
0
437
0
0
0
38
9
67
0
23
38
9
67
0
23
0
0
0
518
0
38
9
67
0
23
38
9
67
0
23
0
498
0
0
0
38
9
67
0
23
38
9
67
0
23
0
0
0
0
0
38
528
67
0
23
38
9
67
0
23
0
0
0
528
0
38
9
67
0
23
38
9
67
0
23
0
0
0
585
0
38
9
67
0
23
38
9
67
0
23
