0
0
0
141
0
0
0
8
23
0
0
0
8
23
0
0
0
0
0
0
0
0
8
23
16
0
0
8
23
16
0
0
0
11
0
0
0
8
23
16
0
0
8
23
16
0
0
0
0
0
180
0
8
0
16
0
0
8
0
16
0
0
0
0
0
0
0
8
23
16
0
0
8
23
16
0
0
0
24
0
0
0
8
23
16
0
0
8
23
16
0
0
0
30
0
0
0
8
23
16
0
0
8
23
16
0
0
0
56
0
0
0
8
23
16
0
0
8
23
16
0
0
0
74
0
0
0
8
23
16
0
0
8
23
16
0
0
0
0
0
0
0
8
23
16
32
0
8
23
16
0
0
0
111
0
0
0
8
23
16
0
0
8
23
16
142
0
0
0
0
0
0
0
23
16
0
0
0
23
16
0
0
0
0
0
0
0
8
23
16
0
0
8
23
16
0
0
0
0
0
0
0
8
23
16
0
0
8
23
16
0
0
40
0
0
0
0
8
23
16
0
0
8
23
16
0
4
0
0
0
0
0
8
23
16
0
0
8
23
16
0
0
72
0
0
0
0
8
23
16
0
0
8
23
16
0
0
0
0
0
0
0
8
23
16
0
19
8
23
16
0
0
101
0
0
0
0
8
23
16
0
0
8
23
16
0
0
0
0
0
0
25
8
23
16
0
0
8
23
16
0
0
0
0
0
72
0
8
23
16
0
0
8
23
16
0
0
0
0
0
0
41
8
23
16
0
0
8
23
16
0
0
0
0
0
103
0
8
23
16
0
0
8
23
16
0
0
111
0
0
0
0
8
23
16
0
0
8
23
16
0
81
0
0
0
0
0
8
23
16
0
0
8
23
16
0
0
125
0
0
0
0
8
23
16
0
0
8
23
16
0
94
0
0
0
0
0
8
23
16
0
0
8
23
16
0
96
0
0
0
0
0
8
23
16
0
0
8
23
16
0
0
0
0
0
0
131
8
23
16
0
0
8
23
16
0
0
132
0
0
0
0
8
23
16
0
0
8
23
16
0
0
0
0
0
0
148
8
23
16
0
0
8
23
16
0
0
0
0
0
121
0
8
23
16
0
0
8
23
16
0
0
0
0
4
0
150
8
23
4
0
0
8
23
4
0
0
0
0
0
0
0
8
23
16
0
0
8
23
16
0
0
0
0
8
0
0
8
23
16
0
0
8
23
16
0
0
0
0
31
0
0
8
23
16
0
0
8
23
16
0
0
0
0
60
0
0
8
23
16
0
0
8
23
16
0
0
0
0
76
0
0
8
23
16
0
0
8
23
16
0
0
0
0
110
0
0
8
23
16
0
0
8
23
16
0
0
0
0
124
0
0
8
23
16
0
0
8
23
16
0
0
0
0
150
0
0
8
23
16
0
0
8
23
16
