9
0
0
0
0
0
2
12
0
9
8
0
68
0
0
2
12
17
0
8
0
48
0
0
0
0
17
9
8
0
68
0
0
2
12
17
9
8
0
68
0
0
2
12
17
9
0
0
0
0
0
2
12
0
9
8
0
68
0
0
2
12
17
0
8
0
48
0
0
0
0
17
9
8
0
68
0
0
2
12
17
9
8
0
68
0
0
2
12
17
9
0
0
0
0
0
2
12
0
9
8
0
68
0
0
2
12
17
0
8
0
48
0
0
0
0
17
9
8
0
68
0
0
2
12
17
9
8
0
68
0
0
2
12
17
9
0
0
0
0
0
2
12
0
9
8
0
68
0
0
2
12
17
0
8
0
48
0
0
0
0
17
9
8
0
68
0
0
2
12
17
9
8
0
68
0
0
2
12
17
9
0
0
0
0
0
2
12
0
75
8
0
68
0
0
2
12
17
0
8
0
48
0
0
0
0
17
9
8
0
68
0
0
2
12
17
9
8
0
68
0
0
2
12
17
9
0
0
0
0
0
2
12
0
9
8
0
68
0
0
2
12
17
0
8
0
48
0
0
0
0
17
9
8
0
68
0
0
2
12
17
9
8
0
68
0
0
2
12
17
9
0
0
0
0
0
2
12
0
9
8
0
68
0
0
2
12
17
0
8
0
48
0
0
0
0
57
9
8
0
68
0
0
2
12
17
9
8
0
68
0
0
2
12
17
9
0
0
0
0
0
2
12
0
9
8
0
68
0
0
2
12
17
0
8
0
48
0
0
0
0
146
9
8
0
68
0
0
2
12
17
9
8
0
68
0
0
2
12
17
9
0
0
0
0
0
2
12
0
9
8
0
68
0
0
2
12
17
0
8
0
48
0
0
0
0
17
9
8
0
68
0
0
2
12
17
9
8
0
92
0
0
2
12
17
9
0
0
0
0
0
2
12
0
9
8
362
0
0
0
2
12
17
0
8
0
0
0
0
0
0
17
9
8
0
0
0
0
2
12
17
9
8
0
0
0
0
2
12
17
9
0
0
0
0
0
2
12
0
9
8
0
68
0
0
2
12
17
0
8
0
48
0
0
0
0
17
130
8
0
68
0
0
2
12
17
9
8
0
68
0
0
2
12
17
9
0
0
0
0
0
2
12
0
9
8
0
68
0
0
2
12
17
0
8
0
48
0
0
0
0
17
9
8
0
68
0
0
2
12
17
9
8
0
126
0
0
2
12
17
9
0
0
0
0
0
2
12
0
9
8
0
68
0
0
2
12
17
0
8
0
48
0
0
0
0
17
9
8
0
68
0
0
2
12
17
9
8
0
68
0
0
2
50
17
9
0
0
0
0
0
2
12
0
9
8
0
68
0
0
2
12
17
0
8
0
48
0
0
0
0
17
9
8
0
68
0
0
2
12
17
9
8
0
68
0
0
2
12
17
9
0
0
0
0
0
2
12
0
9
8
0
68
0
0
2
12
17
0
8
0
48
0
0
0
0
17
9
8
0
68
0
0
2
12
17
9
8
0
68
0
0
2
12
17
9
0
0
0
0
0
2
12
143
9
8
0
68
0
0
2
12
17
0
8
0
48
0
0
0
0
17
9
8
0
68
0
0
2
12
17
9
8
0
68
0
0
2
12
17
9
0
0
0
0
0
2
12
0
9
8
0
68
0
0
2
12
17
0
8
0
48
0
0
0
0
17
9
8
23
68
0
0
2
12
17
9
8
0
68
0
0
2
12
17
9
0
0
0
0
0
2
63
0
9
8
0
68
0
0
2
12
17
0
8
0
48
0
0
0
0
17
9
8
0
68
0
0
2
12
17
9
8
0
68
0
0
2
12
17
9
0
0
0
0
0
2
12
0
9
8
0
68
0
0
2
12
17
0
8
0
48
0
0
0
0
17
9
8
0
68
0
0
2
12
17
9
8
0
68
0
0
6
12
17
9
0
0
0
0
0
2
12
0
9
8
0
68
0
0
2
12
17
0
8
0
48
0
0
0
0
17
9
8
0
68
0
0
2
12
17
138
8
0
68
0
0
2
12
17
9
0
0
0
0
0
2
106
0
9
8
0
68
0
0
2
12
17
0
8
0
48
0
0
0
0
17
9
8
0
68
0
0
2
12
17
9
8
0
68
0
0
2
12
17
9
0
0
0
0
0
2
12
0
9
8
0
68
0
0
2
12
17
0
8
0
48
0
0
76
0
17
9
8
0
68
0
0
2
12
17
9
8
0
68
0
0
2
12
17
9
0
0
0
0
0
2
12
0
9
8
0
68
0
0
2
12
17
0
8
0
48
0
0
0
0
17
9
8
0
68
0
0
2
12
17
9
8
0
68
0
20
2
12
17
9
0
0
0
0
0
2
12
0
9
8
0
68
0
0
2
12
17
0
8
0
48
0
0
0
0
17
9
8
0
68
0
0
2
115
17
9
8
0
68
0
0
2
12
17
145
0
0
0
0
0
2
12
0
9
8
0
68
0
0
2
12
17
0
8
0
48
0
0
0
0
17
9
8
0
68
0
0
2
12
17
9
8
0
68
0
0
2
12
17
9
0
0
0
0
0
2
12
0
9
8
0
68
0
0
2
12
17
0
8
0
48
0
0
0
0
17
9
8
0
68
0
0
2
12
17
9
8
0
68
0
0
2
12
17
9
0
0
0
0
0
0
12
0
9
8
0
68
0
0
0
12
17
0
8
0
48
316
0
0
0
17
9
8
0
68
0
0
0
12
17
9
8
0
68
0
0
0
12
17
9
0
0
0
0
0
2
12
0
9
8
0
68
0
100
2
12
17
0
8
0
48
0
0
0
0
17
9
8
0
68
0
0
2
12
17
9
8
0
68
0
0
2
12
17
9
0
0
0
0
0
2
12
0
9
8
0
68
39
0
2
12
17
0
8
0
48
0
0
0
0
17
9
8
0
68
0
0
2
12
17
9
8
0
68
0
0
2
12
17
9
0
0
351
0
0
2
12
0
9
8
0
68
0
0
2
12
0
0
8
0
48
0
0
0
0
0
9
8
0
68
0
0
2
12
0
9
8
0
68
0
0
2
12
0
9
0
0
0
0
0
2
12
0
9
8
0
68
0
0
2
12
17
0
8
0
48
0
0
0
0
17
9
8
0
68
0
0
2
12
17
9
8
0
68
0
0
2
162
17
9
0
0
0
0
0
2
12
0
9
8
72
68
0
0
2
12
17
0
8
0
48
0
0
0
0
17
9
8
0
68
0
0
2
12
17
9
8
0
68
0
0
2
12
17
9
0
0
0
0
0
2
12
0
9
8
0
68
0
0
2
12
17
206
8
0
48
0
0
0
0
17
9
8
0
68
0
0
2
12
17
9
8
0
68
0
0
2
12
17
9
0
0
0
0
0
2
12
0
9
8
0
68
0
0
2
12
17
0
8
0
48
67
0
0
0
17
9
8
0
68
0
0
2
12
17
9
8
0
68
0
0
2
12
17
9
0
0
0
0
0
2
12
0
9
8
0
68
0
0
2
200
17
0
8
0
48
0
0
0
0
17
9
8
0
68
0
0
2
12
17
9
8
0
68
0
0
2
12
17
9
0
0
0
0
0
2
12
0
9
8
0
68
0
0
2
12
170
0
8
0
48
0
0
0
0
17
9
8
0
68
0
0
2
12
17
9
8
0
68
0
0
2
12
17
9
0
0
0
0
0
2
12
0
9
8
0
68
0
0
2
12
17
0
8
0
48
0
0
0
0
17
9
8
0
68
0
0
2
259
17
9
8
0
68
0
0
2
12
17
9
0
0
0
0
0
2
12
0
9
8
0
68
0
0
2
12
17
0
8
0
48
0
0
0
0
17
9
8
0
68
0
0
2
12
17
9
8
0
68
0
147
2
12
17
9
0
0
0
0
0
2
12
0
9
8
0
68
0
0
2
12
17
0
8
0
48
0
0
0
0
183
9
8
0
68
0
0
2
12
17
9
8
0
68
0
0
2
12
17
9
0
0
0
0
0
127
12
0
9
8
0
68
0
0
2
12
17
0
8
0
48
0
0
0
0
17
9
8
0
68
0
0
2
12
17
9
8
0
68
0
0
2
12
17
9
0
0
0
0
0
2
12
0
9
8
0
68
0
169
2
12
17
0
8
0
48
0
0
0
0
17
9
8
0
68
0
0
2
12
17
9
8
0
68
0
0
2
12
17
9
0
0
0
0
0
2
12
0
9
8
0
68
0
0
2
12
17
0
8
0
48
0
0
0
0
17
9
8
0
68
131
0
2
12
17
9
8
0
68
0
0
2
12
17
0
0
0
0
344
0
2
12
0
0
8
0
68
0
0
2
12
17
0
8
0
48
0
0
0
0
17
0
8
0
68
0
0
2
12
17
0
8
0
68
0
0
2
12
17
9
0
0
0
0
0
2
12
0
9
8
0
204
0
0
2
12
17
0
8
0
48
0
0
0
0
17
9
8
0
68
0
0
2
12
17
9
8
0
68
0
0
2
12
17
9
0
0
0
0
0
2
12
0
9
8
0
68
0
0
208
12
17
0
8
0
48
0
0
0
0
17
9
8
0
68
0
0
2
12
17
9
8
0
68
0
0
2
12
17
9
0
0
0
0
0
234
12
0
9
8
0
68
0
0
2
12
17
0
8
0
48
0
0
0
0
17
9
8
0
68
0
0
2
12
17
9
8
0
68
0
0
2
12
17
9
0
0
0
0
0
2
12
0
9
8
0
68
0
0
2
12
17
0
8
0
48
0
0
0
0
17
9
8
0
68
0
0
2
12
17
288
8
0
68
0
0
2
12
17
9
0
0
0
179
0
2
12
0
9
8
0
68
0
0
2
12
17
0
8
0
48
0
0
0
0
17
9
8
0
68
0
0
2
12
17
9
8
0
68
0
0
2
12
17
9
0
0
208
0
0
2
12
0
9
8
0
68
0
0
2
12
17
0
8
0
48
0
0
0
0
17
9
8
0
68
0
0
2
12
17
9
8
0
68
0
0
2
12
17
9
0
0
0
0
0
2
12
0
9
8
0
68
0
0
2
12
17
0
8
0
48
0
0
0
0
17
9
8
0
68
0
0
2
12
17
9
8
0
68
0
239
2
12
17
9
0
0
0
0
0
2
12
0
9
8
0
68
0
0
2
12
17
0
8
0
48
0
0
0
0
17
9
8
0
68
0
0
2
12
17
9
8
0
68
0
0
2
12
17
9
0
0
0
0
0
2
12
0
9
8
0
48
0
0
2
12
17
0
8
0
48
0
0
334
0
17
9
8
0
48
0
0
2
12
17
9
8
0
48
0
0
2
12
17
9
0
0
0
0
0
2
12
0
9
8
0
68
0
0
2
12
17
0
8
0
48
0
0
0
0
17
9
72
0
68
0
0
2
12
17
9
8
0
68
0
0
2
12
17
9
0
0
0
0
0
2
12
0
9
8
0
68
0
0
2
12
17
0
8
0
48
0
0
0
0
17
9
8
0
68
0
0
2
12
17
367
8
0
68
0
0
2
12
17
9
0
0
0
0
0
2
12
0
9
8
0
68
0
0
2
12
258
0
8
0
48
0
0
0
0
17
9
8
0
68
0
0
2
12
17
9
8
0
68
0
0
2
12
17
9
0
0
0
0
0
2
12
0
9
8
0
68
0
0
2
12
17
0
8
0
48
0
0
0
0
17
9
8
116
68
0
0
2
12
17
9
8
0
68
0
0
2
12
17
9
0
0
0
0
0
2
12
0
9
8
0
68
0
0
2
12
17
0
8
0
48
0
0
267
0
17
9
8
0
68
0
0
2
12
17
9
8
0
68
0
0
2
12
17
9
0
0
0
0
0
2
12
0
9
8
0
68
0
0
2
12
17
0
8
0
48
0
0
0
0
17
9
8
0
68
0
0
2
12
17
9
8
0
263
0
0
2
12
17
9
0
0
0
0
0
2
12
0
9
8
0
269
0
0
2
12
17
0
8
0
48
0
0
0
0
17
9
8
0
68
0
0
2
12
17
9
8
0
68
0
0
2
12
17
9
0
0
0
0
0
2
12
0
9
8
0
68
0
273
2
12
17
0
8
0
48
0
0
0
0
17
9
8
0
68
0
0
2
12
17
9
8
0
68
0
0
2
12
17
9
0
0
0
0
0
2
317
0
9
8
0
68
0
0
2
12
17
0
8
0
48
0
0
0
0
17
9
8
0
68
0
0
2
12
17
9
8
0
68
0
0
2
12
17
9
0
0
0
0
0
2
0
0
9
8
0
68
0
0
2
0
17
0
8
0
48
0
0
0
0
17
9
8
0
68
0
326
2
0
17
9
8
0
68
0
0
2
0
17
9
0
0
0
0
0
2
12
0
9
8
0
68
0
0
2
12
17
0
8
0
48
0
0
0
0
17
9
8
0
68
0
0
2
12
17
9
8
0
68
189
0
2
12
17
9
0
0
0
0
0
2
12
0
9
8
0
68
0
0
2
12
17
0
8
0
48
0
0
0
0
17
9
8
0
68
0
0
2
400
17
9
8
0
68
0
0
2
12
17
9
0
0
0
279
0
2
12
0
9
8
0
68
0
0
2
12
17
0
8
0
48
0
0
0
0
17
9
8
0
68
0
0
2
12
17
9
8
0
68
0
0
2
12
17
9
0
0
0
0
0
2
12
0
9
8
0
68
0
0
2
12
17
0
8
0
48
0
0
0
0
17
9
132
0
68
0
0
2
12
17
9
8
0
68
0
0
2
12
17
9
0
0
0
0
0
2
12
0
9
8
0
287
0
0
2
12
17
0
8
0
48
0
0
0
0
17
9
8
0
68
0
0
2
12
17
9
8
0
68
0
0
2
12
17
9
0
0
0
0
0
2
12
0
9
8
0
68
0
0
2
12
17
0
8
0
48
0
0
0
0
284
9
8
0
68
0
0
2
12
17
9
8
0
68
0
0
2
12
17
9
0
0
0
0
0
2
12
0
9
8
0
68
0
0
2
12
17
0
8
0
48
0
0
0
0
17
9
203
0
68
0
0
2
12
17
9
8
0
68
0
0
2
12
17
9
0
0
0
305
0
2
12
0
9
8
0
68
0
0
2
12
17
0
8
0
48
0
0
0
0
17
9
8
0
68
0
0
2
12
17
9
8
0
68
0
0
2
12
17
9
0
0
0
0
0
2
12
0
9
8
0
340
0
0
2
12
17
0
8
0
48
0
0
0
0
17
9
8
0
68
0
0
2
12
17
9
8
0
68
0
0
2
12
17
9
0
0
0
0
0
2
12
0
9
8
0
68
0
288
2
12
17
0
8
0
48
0
0
0
0
17
9
8
0
68
0
0
2
12
17
9
8
0
68
0
0
2
12
17
9
0
169
0
0
0
2
12
0
9
8
0
68
0
0
2
12
17
0
8
0
48
0
0
0
0
17
9
8
0
68
0
0
2
12
17
9
8
0
68
0
0
2
12
17
9
0
0
0
0
0
2
12
0
9
8
0
68
0
0
2
12
17
0
8
215
48
0
0
0
0
17
9
8
0
68
0
0
2
12
17
9
8
0
68
0
0
2
12
17
9
0
266
0
0
0
2
12
0
9
8
0
68
0
0
2
12
17
0
8
0
48
0
0
0
0
17
9
8
0
68
0
0
2
12
17
9
8
0
68
0
0
2
12
17
9
0
0
0
0
0
2
12
0
9
8
0
68
0
0
2
12
17
0
261
0
48
0
0
0
0
17
9
8
0
68
0
0
2
12
17
9
8
0
68
0
0
2
12
17
9
0
0
0
0
0
2
12
0
9
8
0
68
0
0
2
12
17
0
8
0
48
0
0
0
0
354
9
8
0
68
0
0
2
12
17
9
8
0
68
0
0
2
12
17
9
0
0
0
0
0
2
12
0
9
0
0
68
0
0
2
334
17
0
0
0
48
0
0
0
0
17
9
0
0
68
0
0
2
12
17
9
0
0
68
0
0
2
12
17
9
0
0
0
0
0
2
12
0
9
8
0
68
0
0
2
12
17
0
8
0
48
0
0
0
0
17
9
8
0
68
0
0
2
12
17
9
341
0
68
0
0
2
12
17
9
0
0
0
0
0
2
12
0
9
8
0
68
0
0
2
12
17
0
402
0
48
0
0
0
0
17
9
8
0
68
0
0
2
12
17
9
8
0
68
0
0
2
12
17
9
0
0
0
0
0
2
12
0
9
8
0
68
0
0
2
12
17
0
8
355
48
0
0
0
0
17
9
8
0
68
0
0
2
12
17
9
8
0
68
0
0
2
12
17
9
0
0
0
0
0
2
12
0
9
8
0
68
0
0
2
12
17
0
8
0
48
0
0
0
0
17
9
8
0
68
0
0
2
12
17
9
8
0
68
0
0
2
12
377
9
0
0
0
0
0
325
12
0
9
8
0
68
0
0
2
12
17
0
8
0
48
0
0
0
0
17
9
8
0
68
0
0
2
12
17
9
8
0
68
0
0
2
12
17
