0
0
1377
0
0
0
0
0
0
1222
1222
0
0
0
321
0
0
322
0
0
0
1114
0
0
0
1413
0
0
0
0
58
0
0
986
0
0
0
0
66
0
0
0
0
0
0
73
1422
0
0
0
126
0
0
0
0
1369
0
0
0
322
0
0
0
60
0
220
0
0
298
0
0
0
0
0
4
0
1300
0
0
0
0
0
0
1370
0
0
4
0
0
1199
0
0
0
0
0
0
0
0
1369
73
0
0
250
0
0
0
0
0
0
0
0
0
0
1339
50
0
0
0
0
0
0
0
0
0
210
0
0
440
4
0
0
0
210
0
0
0
210
0
387
0
66
0
0
0
0
725
0
0
0
0
255
0
0
60
0
0
0
703
0
0
0
0
0
0
1269
60
0
0
58
279
0
0
0
287
138
0
0
0
0
0
0
0
1163
0
0
0
0
0
0
0
236
0
0
355
0
0
0
0
0
0
434
0
0
0
0
0
0
1159
0
0
0
0
298
911
0
0
0
0
1338
0
0
0
506
0
0
0
0
0
58
0
0
0
0
24
0
0
0
73
0
191
0
0
0
0
104
24
624
0
0
0
0
0
61
0
0
0
61
0
0
113
0
0
292
0
743
0
0
0
0
0
58
0
0
0
0
58
0
557
0
0
0
0
254
27
0
1386
0
0
0
0
0
0
61
0
58
0
0
0
0
125
0
0
0
0
1137
0
0
0
4
88
0
0
0
0
0
0
0
0
0
0
66
0
0
0
687
0
0
0
0
0
58
0
0
0
0
408
0
0
1135
0
0
0
0
642
0
52
0
0
0
0
0
0
1222
0
506
0
1222
0
0
0
0
147
0
0
0
0
0
0
324
0
0
0
0
0
0
0
244
0
0
1413
0
0
0
0
0
289
4
52
163
0
215
0
0
0
0
0
578
0
0
0
0
0
431
0
0
0
0
0
0
27
373
0
0
0
0
113
0
0
0
0
0
0
0
131
0
0
0
0
0
0
0
1124
183
0
0
0
0
0
0
0
322
0
0
0
14
0
4
0
1389
0
664
0
0
0
0
0
58
0
0
0
0
266
0
0
0
0
0
1268
58
237
0
0
0
0
0
172
0
0
0
0
0
0
4
0
0
0
0
289
0
0
0
0
0
30
0
52
0
0
0
0
1098
0
0
0
281
0
0
0
0
0
0
0
0
0
0
153
58
58
0
0
0
0
0
279
0
0
0
0
319
0
0
0
0
0
0
494
0
0
0
0
0
0
0
1070
0
0
0
27
0
0
0
0
0
0
0
0
0
200
0
0
0
0
0
0
