0
0
0
0
0
47
0
0
0
46
0
47
0
0
0
133
0
47
220
0
0
0
0
47
265
0
0
0
0
47
0
0
0
269
0
47
353
0
0
0
0
47
413
0
0
0
0
47
429
0
0
0
0
47
488
0
0
0
0
47
0
0
0
532
0
47
578
0
0
0
0
47
0
0
0
601
0
47
690
0
0
0
0
47
0
0
0
743
0
47
0
0
0
812
0
47
0
0
0
839
0
47
847
0
0
0
0
47
851
0
0
0
0
47
882
0
0
0
0
47
0
0
0
890
0
47
0
0
0
916
0
47
970
0
0
0
0
47
975
0
0
0
0
47
0
0
0
1019
0
47
0
0
0
1108
0
47
0
0
0
1147
0
47
1169
0
0
0
0
47
0
0
0
1238
0
47
1273
0
0
0
0
47
1318
0
0
0
0
47
0
0
0
1377
0
47
0
0
0
1381
0
0
0
0
0
0
0
47
0
0
16
0
0
47
0
0
79
0
0
47
0
0
154
0
0
47
0
0
185
0
0
47
0
0
257
0
0
47
0
0
260
0
0
47
0
0
269
0
0
47
0
0
328
0
0
47
0
0
368
0
0
47
0
0
414
0
0
47
0
0
463
0
0
47
0
0
519
0
0
47
0
0
586
0
0
47
0
0
671
0
0
47
0
0
709
0
0
47
0
0
752
0
0
47
0
0
780
0
0
47
0
0
865
0
0
47
0
0
0
0
0
47
0
17
0
0
0
47
0
41
0
0
0
47
0
97
0
0
0
47
0
185
0
0
0
47
0
213
0
0
0
47
0
274
0
0
0
47
0
0
908
0
0
47
0
0
955
0
0
47
0
0
980
0
0
47
0
0
1029
0
0
47
0
0
1077
0
0
47
0
0
1139
0
0
47
0
352
0
0
0
47
0
0
1186
0
0
47
0
387
0
0
0
47
0
0
1232
0
0
47
0
462
0
0
0
47
0
496
0
0
0
47
0
585
0
0
0
47
0
660
0
0
0
47
0
687
0
0
0
47
0
689
0
0
0
47
0
758
0
0
0
47
0
781
0
0
0
47
0
802
0
0
0
47
0
873
0
0
0
47
0
915
0
0
0
47
0
980
0
0
0
47
0
1042
0
0
0
47
0
0
1293
0
0
47
0
0
1301
0
0
47
0
0
1338
0
0
47
0
0
0
0
1108
47
0
1146
0
0
0
47
0
0
0
0
1201
47
0
1211
0
0
0
47
0
1279
0
0
0
47
0
1342
0
0
0
47
0
0
0
0
1386
47
0
1389
0
0
0
47
0
1409
0
0
0
47
