0
0
0
0
0
138
0
0
0
91
141
0
91
0
0
0
0
0
0
270
0
0
0
0
393
0
0
15
0
138
0
0
0
0
0
363
0
0
0
0
21
120
0
0
0
0
0
0
0
0
0
0
0
0
0
112
0
0
243
0
0
0
119
0
0
0
0
0
0
0
0
108
0
21
0
0
113
0
0
0
0
89
0
0
0
0
0
0
45
0
0
0
0
0
0
0
0
0
0
268
0
0
0
0
0
0
0
402
0
0
0
0
0
0
0
0
0
0
60
0
0
0
0
0
0
53
0
0
0
0
22
0
0
0
0
0
158
0
0
0
0
0
0
0
0
0
0
0
108
0
0
108
0
0
0
0
0
0
0
388
0
0
0
0
0
447
447
34
0
5
422
0
0
0
0
4
0
0
0
0
0
0
413
0
0
15
0
0
0
446
0
4
119
0
0
363
0
442
0
0
0
91
0
0
0
0
0
0
0
0
0
447
35
0
0
0
0
0
0
0
0
0
120
0
21
0
0
0
0
0
0
343
0
147
101
0
0
0
0
0
0
140
101
0
91
0
0
371
327
0
0
0
0
0
0
0
0
0
0
0
120
0
60
4
0
0
0
0
0
0
0
0
432
0
0
0
0
0
0
0
0
0
102
0
0
0
0
0
0
0
101
0
0
8
375
0
0
0
0
370
0
0
0
0
0
0
0
44
0
0
0
0
0
208
0
0
0
0
0
0
0
0
0
0
6
0
0
0
432
0
0
432
0
0
0
0
0
140
0
0
0
0
0
0
0
0
0
21
0
0
0
0
0
21
0
0
0
0
0
0
0
0
0
0
91
0
0
0
0
188
0
0
0
0
0
0
0
0
0
363
363
0
0
0
0
0
0
15
0
0
0
0
0
0
103
0
0
0
0
0
0
0
0
0
0
441
0
0
22
0
22
0
0
0
0
0
0
192
0
0
91
0
0
0
0
0
0
0
6
0
0
415
21
0
447
0
6
0
21
0
0
0
0
446
0
0
0
425
0
0
0
0
0
0
0
0
0
0
0
51
0
0
0
0
80
0
0
80
0
0
0
0
0
0
0
400
0
0
0
0
363
0
0
0
0
0
0
0
432
1
0
0
146
0
0
0
0
0
0
0
0
0
178
0
0
0
0
0
51
0
0
0
119
0
0
0
0
0
0
0
0
0
0
328
0
0
0
0
119
0
0
0
0
0
119
0
0
0
204
0
0
0
0
0
0
0
0
0
6
0
0
6
0
0
71
0
0
0
0
0
0
0
0
0
0
0
142
0
0
0
0
0
110
0
0
0
0
243
243
0
110
0
0
108
0
57
0
0
0
0
0
0
0
178
0
0
0
0
178
0
0
0
0
0
0
0
0
90
0
0
101
0
0
0
101
0
0
0
0
431
35
0
0
0
0
1
0
0
0
8
0
0
0
0
60
0
0
0
0
0
0
0
22
0
0
98
0
0
0
0
0
0
35
86
0
0
0
0
0
0
0
65
0
0
0
0
0
0
0
30
0
0
80
0
0
0
0
0
0
0
0
0
0
432
0
432
0
0
0
0
0
0
0
0
0
420
21
0
263
308
0
0
0
0
