0
0
0
0
5
13
0
0
0
0
0
0
5
13
0
0
0
0
0
0
5
13
0
0
0
0
0
39
5
13
0
0
0
0
38
0
5
13
0
0
0
0
0
78
5
13
0
0
0
0
0
0
32
13
0
0
0
0
0
0
45
13
0
0
60
0
0
0
5
13
0
0
0
0
45
0
5
13
0
0
0
0
0
98
5
13
0
0
0
0
0
100
5
13
0
0
0
0
0
135
5
13
0
0
0
0
52
0
5
13
0
0
0
0
0
137
5
13
0
0
0
0
0
0
69
13
0
0
76
0
0
0
5
13
0
0
0
0
0
0
105
13
0
0
0
0
0
0
130
13
0
0
0
0
0
161
5
13
0
0
0
0
0
188
5
13
0
0
0
0
81
0
5
13
0
0
0
0
116
0
5
13
0
0
0
0
122
0
5
13
0
0
0
0
129
0
5
13
0
0
0
0
0
194
5
13
0
0
0
0
0
0
132
13
0
0
0
0
133
0
5
13
0
0
0
0
0
223
5
13
0
0
0
0
0
251
5
13
0
0
0
0
155
0
5
13
0
0
0
0
412
0
0
13
0
0
0
0
0
0
137
13
0
0
0
0
0
282
5
13
0
0
158
0
0
0
5
13
0
0
0
0
172
0
5
13
0
0
0
0
173
0
5
13
0
0
0
0
212
0
5
13
0
0
0
0
242
0
5
13
0
0
0
0
249
0
5
13
0
0
0
0
284
0
5
13
0
0
0
0
0
0
185
13
0
0
0
0
293
0
5
13
0
0
0
0
0
297
5
13
0
0
188
0
0
0
5
13
0
0
0
0
298
0
5
13
0
0
0
0
0
320
5
13
0
0
0
0
0
0
229
13
0
0
0
0
315
0
5
13
0
0
260
0
0
0
5
13
0
0
0
0
0
324
5
13
0
0
0
0
0
0
5
13
0
0
0
0
0
420
5
0
0
0
0
0
0
325
5
13
0
0
0
11
0
0
5
13
0
0
0
50
0
0
5
13
0
0
0
89
0
0
5
13
0
0
298
0
0
0
5
13
0
0
0
0
0
330
5
13
0
0
0
93
0
0
5
13
0
0
0
95
0
0
5
13
0
0
0
125
0
0
5
13
0
0
0
0
0
0
332
13
0
0
0
146
0
0
5
13
0
0
0
0
321
0
5
13
0
0
0
0
0
0
5
199
0
0
0
0
0
358
5
13
0
0
0
0
0
359
5
13
0
0
0
221
0
0
5
13
0
0
0
0
0
0
5
260
0
0
0
0
0
398
5
13
0
0
0
277
0
0
5
13
0
0
0
280
0
0
5
13
0
0
0
0
0
0
5
323
0
0
0
0
0
434
5
13
0
0
0
0
0
0
333
13
0
0
0
342
0
0
5
13
0
0
0
0
0
0
5
373
0
0
0
0
0
0
351
13
0
0
0
0
0
0
373
13
0
0
379
0
0
0
5
13
0
0
0
0
0
0
5
395
0
0
0
0
360
0
5
13
0
0
0
0
0
0
424
13
0
0
0
394
0
0
5
13
0
0
0
0
381
0
5
13
0
0
0
0
390
0
5
13
0
0
0
0
396
0
5
13
0
0
