0
0
0
45
0
0
0
71
0
45
0
0
0
90
0
45
0
0
0
0
0
45
140
0
0
214
0
45
0
0
0
259
0
45
0
0
0
266
0
45
0
0
0
0
0
45
323
0
0
0
0
45
384
0
0
444
0
45
0
0
0
474
0
45
0
0
0
0
0
45
0
0
15
0
0
45
0
0
77
0
0
45
0
0
148
0
0
45
0
0
0
0
0
45
557
0
0
569
0
45
0
0
0
0
0
45
614
0
0
0
0
45
616
0
169
0
0
45
0
0
0
0
0
287
0
0
0
0
0
330
0
0
325
0
0
45
0
0
407
0
0
45
0
0
413
0
0
45
0
0
0
640
0
45
0
0
0
679
0
45
0
0
0
0
0
45
687
0
0
714
0
45
0
0
491
0
0
45
0
0
0
0
0
565
0
0
567
0
0
45
0
0
0
0
0
679
0
0
0
0
685
0
0
0
0
0
0
45
0
0
0
0
0
45
0
8
0
0
0
45
0
30
0
0
48
45
0
0
0
0
92
45
0
0
0
0
162
45
0
0
0
0
213
45
0
0
0
0
226
45
0
0
0
0
270
45
0
0
0
0
323
45
0
0
0
0
0
45
0
343
0
0
381
45
0
0
0
0
412
45
0
0
0
0
0
45
0
454
0
0
0
45
0
519
0
0
0
45
0
566
0
0
629
45
0
0
0
0
677
45
0
0
