723
723
0
0
0
0
709
0
0
0
0
0
100
0
0
0
0
0
0
0
0
0
0
649
0
0
78
0
0
0
0
0
0
0
0
0
0
0
123
0
0
0
723
0
0
0
0
14
0
0
0
0
0
116
198
0
0
0
0
0
0
0
180
0
0
0
0
0
0
0
0
0
0
0
263
0
0
0
0
235
0
0
0
0
9
0
0
0
0
0
0
0
0
0
0
104
0
108
0
0
0
0
7
0
0
0
0
0
354
0
0
0
0
0
0
0
0
0
202
0
0
306
0
0
0
0
294
0
0
0
0
0
0
153
0
0
0
0
150
0
0
0
0
0
0
0
0
0
0
198
0
0
0
0
0
0
0
0
0
0
0
6
682
0
0
0
0
0
285
0
0
0
0
0
0
0
0
0
0
75
723
0
0
92
0
0
0
0
0
0
275
0
0
64
0
0
0
0
0
107
0
0
39
0
0
0
70
0
0
0
0
0
0
0
0
176
0
0
52
0
0
0
228
0
0
0
0
0
30
0
0
0
0
0
0
0
0
0
151
0
272
0
0
0
0
0
0
0
0
0
107
0
0
0
0
251
0
0
0
0
0
71
0
0
0
0
15
0
0
5
0
349
0
0
0
0
156
0
0
0
0
0
0
0
0
139
0
0
0
0
0
204
0
0
0
0
0
0
0
0
0
0
325
0
0
0
334
0
0
91
0
0
