0
0
0
0
0
0
0
0
10
0
6
7
1
2
0
10
0
6
7
1
2
0
10
0
6
7
1
2
0
0
0
0
0
0
0
0
50
0
0
7
1
2
0
10
0
0
7
1
2
0
10
0
0
7
1
2
0
0
0
0
0
0
0
41
10
0
6
0
1
2
0
10
0
6
0
1
2
0
10
0
6
0
1
2
0
0
0
0
0
0
0
0
0
0
6
7
1
2
45
0
0
6
7
1
2
0
0
0
6
7
1
2
0
0
0
0
0
0
0
0
10
0
6
7
1
2
0
10
0
6
7
1
2
0
10
0
6
7
1
2
0
0
36
0
0
0
0
0
10
0
6
7
1
0
0
10
0
6
7
1
0
0
10
0
6
7
1
0
0
0
0
0
0
0
0
0
10
0
6
7
1
2
0
10
0
6
7
1
2
0
10
0
6
7
1
2
0
0
0
0
0
0
0
0
10
0
6
7
1
2
30
10
0
6
7
1
2
0
10
0
6
7
1
2
0
0
0
0
0
0
35
0
10
0
6
7
0
2
0
10
0
6
7
0
2
0
10
0
6
7
0
2
0
0
0
0
0
0
0
0
10
0
6
7
1
2
0
10
0
6
7
1
2
0
10
0
6
7
1
2
0
0
0
0
0
0
0
0
10
0
6
7
1
2
0
10
0
6
7
1
2
0
10
0
6
7
1
2
0
0
0
0
1
0
0
0
10
0
6
7
1
2
0
10
0
6
7
1
2
0
10
0
6
7
1
2
0
0
0
0
0
0
0
0
10
0
6
7
1
2
0
10
0
6
7
1
2
0
10
0
6
7
1
2
0
0
0
0
0
22
0
0
10
0
6
7
1
2
0
10
0
6
7
1
2
0
10
0
6
7
1
2
0
0
0
0
0
0
40
0
10
0
6
7
1
2
0
10
0
6
7
1
2
0
10
0
6
7
1
2
0
0
0
0
0
0
0
0
10
20
6
7
1
2
0
10
0
6
7
1
2
0
10
0
6
7
1
2
0
0
0
0
0
0
0
0
11
0
6
7
1
2
0
10
0
6
7
1
2
0
10
0
6
7
1
2
0
0
0
0
0
0
0
0
10
0
6
7
1
2
0
10
0
6
7
1
2
0
10
0
6
7
1
2
0
0
0
0
0
0
0
0
10
0
23
7
1
2
0
10
0
6
7
1
2
0
10
0
6
7
1
2
