0
0
83
0
0
0
0
0
0
0
0
0
0
0
57
0
0
0
0
0
0
0
23
0
0
0
67
0
0
0
0
0
0
0
0
0
0
0
42
0
0
0
0
0
0
19
0
0
0
0
66
0
0
0
0
0
0
9
0
0
0
0
0
0
0
67
0
0
0
0
0
0
0
0
13
0
0
0
0
0
0
0
0
0
0
0
2
0
0
0
0
0
0
0
43
0
0
0
68
0
0
0
0
0
0
0
0
0
0
29
0
0
0
4
0
0
0
0
0
0
0
0
0
0
0
0
5
0
0
0
10
0
0
0
0
0
0
0
21
0
0
0
0
0
0
5
0
0
0
0
0
0
24
15
0
0
0
0
0
0
0
0
0
0
75
0
0
0
21
0
0
0
0
0
0
0
80
0
0
0
0
0
0
0
0
9
0
0
0
0
45
0
0
71
0
0
0
0
0
0
54
0
0
0
0
0
0
0
3
0
0
0
0
0
0
0
0
0
0
0
78
0
0
0
0
30
0
0
0
0
0
0
0
54
0
0
0
0
0
0
0
0
0
0
0
10
0
0
0
3
0
0
0
0
0
0
0
0
0
0
0
51
0
0
72
0
0
0
0
0
0
0
59
0
0
0
0
0
0
0
0
0
0
0
0
12
0
0
0
76
0
0
0
0
0
0
0
80
0
0
0
0
0
0
79
0
0
9
0
0
0
0
0
0
0
0
0
0
0
58
0
0
0
0
0
0
0
50
0
0
0
63
0
0
0
0
0
0
0
5
0
0
0
0
0
0
0
46
0
0
0
0
0
0
0
45
0
0
0
0
0
0
0
0
0
0
0
53
0
0
0
0
0
0
0
10
0
0
0
15
0
0
0
0
0
0
0
42
0
0
0
0
0
0
0
84
0
0
0
0
0
0
0
64
0
0
0
0
