408
408
0
0
0
0
0
0
491
0
0
0
0
491
0
29
0
0
0
9
0
0
0
127
0
0
0
164
0
0
0
0
0
0
0
261
0
0
0
0
0
0
0
0
0
526
0
0
0
0
0
0
0
0
0
0
0
0
0
0
0
0
0
0
0
0
0
0
0
433
0
433
0
0
0
0
0
0
0
0
0
0
0
0
0
0
0
0
0
0
0
0
0
0
104
0
315
0
0
0
316
0
0
0
0
0
0
0
0
0
0
0
0
0
0
0
33
0
0
0
0
0
0
0
0
0
0
42
0
0
0
0
0
0
0
32
0
0
0
10
0
0
0
0
0
0
0
0
0
0
0
0
0
14
0
0
0
13
0
0
13
0
0
0
0
0
485
0
0
0
0
0
0
0
0
106
0
544
0
0
0
28
0
0
0
52
0
0
0
0
0
0
0
0
66
0
0
0
0
0
0
0
0
0
0
0
0
0
0
0
0
0
0
14
0
0
0
0
0
0
42
0
0
0
0
0
0
231
0
0
0
0
0
0
0
0
120
0
0
149
0
0
0
0
0
3
0
0
0
0
0
0
0
0
0
0
0
0
0
0
135
0
0
0
0
0
266
0
0
0
0
0
0
0
0
106
0
0
0
105
316
0
0
0
0
0
0
0
0
0
190
0
0
0
0
0
328
0
0
0
0
0
0
0
0
258
0
0
0
17
0
0
0
0
0
164
0
0
0
47
0
0
0
0
0
0
54
0
0
345
0
0
0
0
0
0
0
0
0
0
37
0
0
0
0
212
0
0
0
0
0
0
0
0
0
0
0
0
0
500
0
0
137
0
0
0
0
0
0
0
0
0
0
18
0
0
0
0
0
0
120
0
0
0
0
0
0
0
186
0
0
0
328
491
0
0
2
0
0
0
0
0
0
0
0
107
0
0
