0
0
0
0
24
9
0
9
0
0
0
0
24
9
83
9
0
0
0
0
24
9
140
9
0
0
163
0
24
9
0
9
0
0
0
0
24
9
230
9
0
0
0
0
24
9
0
9
0
0
272
0
24
9
0
9
0
19
0
0
24
9
0
9
0
28
0
0
24
9
0
9
0
0
338
0
24
9
0
9
0
0
0
0
24
9
351
9
0
0
0
0
24
9
353
9
0
0
396
0
24
9
0
9
0
0
0
0
24
104
0
9
0
124
0
0
24
9
0
9
0
0
0
0
24
9
464
9
0
0
514
0
24
9
0
9
0
0
524
0
24
9
0
9
0
128
0
0
24
9
0
9
0
481
0
0
0
9
0
9
0
0
0
0
24
9
0
9
75
0
0
0
24
9
0
9
96
0
0
0
24
9
0
9
0
0
0
0
24
0
466
9
0
133
0
0
24
9
0
9
176
0
0
0
24
9
0
9
230
0
0
0
24
9
0
9
0
0
0
0
257
9
0
9
0
204
0
0
24
9
0
9
0
234
0
0
24
9
0
9
0
0
0
0
24
297
0
9
0
298
0
0
24
9
0
9
0
0
0
0
24
310
0
9
311
0
0
0
24
9
0
9
383
0
0
0
24
9
0
9
0
0
0
0
24
361
0
9
0
364
0
0
24
9
0
9
0
440
0
0
24
9
0
9
466
0
0
0
24
9
0
0
0
0
0
0
24
9
0
9
0
0
0
0
24
9
0
67
0
0
0
108
24
9
0
9
0
0
0
171
24
9
0
9
0
0
0
176
24
9
0
9
0
0
0
222
24
9
0
9
0
0
0
0
24
9
0
276
0
0
0
0
24
9
0
329
0
0
0
330
24
9
0
9
0
0
0
345
24
9
0
9
0
0
0
387
24
9
0
9
0
0
0
471
24
9
0
9
