0
0
0
35
0
0
4
0
66
27
4
37
0
0
0
0
0
0
27
4
37
35
0
0
4
0
66
27
4
37
35
0
0
4
0
66
27
4
36
35
0
0
4
0
66
0
0
0
35
0
0
4
0
66
27
4
37
0
0
0
0
0
0
27
4
37
35
0
0
4
0
66
27
4
37
35
0
0
50
0
66
27
4
36
35
0
0
4
0
66
0
0
0
0
0
0
121
0
66
27
4
37
0
0
0
0
0
0
27
4
37
0
0
0
4
0
66
27
4
37
0
0
0
4
0
66
27
4
36
0
0
0
4
0
66
0
0
0
35
0
0
4
0
66
27
4
0
0
0
0
0
0
0
27
4
0
35
0
0
4
0
66
27
4
0
153
0
0
4
0
66
27
4
0
35
0
0
4
0
66
0
0
0
35
0
0
4
0
66
27
4
36
0
0
0
0
0
0
27
4
36
35
96
0
4
0
66
27
4
36
35
0
0
4
0
66
27
4
36
35
0
0
4
0
66
0
0
0
35
0
0
4
83
66
0
4
37
0
0
0
0
0
0
0
4
37
35
0
0
4
0
66
0
4
37
35
0
0
4
0
66
0
4
36
35
0
0
4
0
66
1
0
110
35
0
0
4
0
66
1
4
37
0
0
0
0
0
0
1
4
37
35
0
0
4
0
66
1
4
37
35
0
0
4
0
66
1
4
36
35
0
0
4
0
66
0
0
0
35
0
0
0
0
66
27
4
37
0
0
0
0
0
0
27
4
37
35
0
86
0
0
66
27
4
37
35
0
0
0
0
66
27
4
36
35
0
0
0
0
66
0
0
0
35
0
0
4
0
66
27
4
37
0
0
0
0
0
0
27
4
37
35
0
0
4
0
66
27
4
37
35
0
0
4
0
66
27
4
36
35
0
0
4
0
66
0
0
0
35
0
0
4
0
66
27
4
37
0
0
0
0
0
0
27
4
37
35
0
0
4
0
66
27
4
37
35
0
0
4
0
66
27
4
36
35
0
0
4
0
66
0
0
0
35
0
0
4
0
66
27
4
37
0
0
0
0
0
0
27
4
37
35
0
0
4
0
66
27
4
37
35
0
0
4
0
66
27
4
36
35
0
0
95
0
66
0
0
0
35
0
0
4
0
66
27
4
37
0
0
0
0
0
0
27
4
37
35
0
0
4
0
66
27
4
37
35
0
0
4
0
66
27
4
36
35
0
0
4
0
66
0
0
0
35
0
0
4
0
66
27
4
37
0
0
0
0
0
0
27
4
37
35
0
0
4
0
66
27
4
37
35
0
0
4
0
66
27
4
36
35
0
0
4
0
66
97
0
0
35
0
0
4
0
66
27
0
37
0
0
0
0
0
0
27
0
37
35
0
0
4
0
66
27
0
37
35
0
0
4
0
66
27
0
36
35
0
0
4
0
66
0
0
0
35
0
0
4
0
66
27
4
37
0
0
0
0
0
0
27
4
73
35
0
0
4
0
66
27
4
37
35
0
0
4
0
66
27
4
36
35
0
0
4
0
66
0
0
0
35
0
0
4
0
66
27
4
37
0
0
0
0
0
0
27
4
37
35
0
0
4
0
66
27
4
37
35
0
0
4
0
66
27
4
36
35
0
0
105
0
66
0
0
0
35
0
0
4
0
66
27
4
37
0
0
0
0
0
0
27
4
37
35
0
0
4
0
66
27
4
37
35
0
0
4
0
66
27
4
36
35
0
0
4
0
66
0
0
0
35
0
0
4
0
66
27
4
37
0
46
0
0
0
0
27
4
37
35
0
0
4
0
66
27
4
37
35
0
0
4
0
66
27
4
36
35
0
0
4
0
66
0
0
0
35
0
0
4
0
66
27
4
37
0
0
0
0
0
0
27
4
37
35
0
0
4
0
66
27
4
37
35
0
0
4
0
66
27
4
36
35
0
0
4
0
66
0
0
48
35
0
0
4
0
66
27
4
37
0
0
0
0
0
0
27
4
37
35
0
0
4
0
66
27
4
37
35
0
0
4
0
66
27
4
36
35
0
0
4
0
66
0
0
0
35
0
0
4
0
66
27
4
37
0
0
0
0
0
0
27
4
37
35
0
0
4
0
66
27
4
37
35
0
0
4
0
66
27
4
36
35
0
0
4
0
66
0
148
0
35
0
0
4
0
0
27
4
37
0
0
0
0
0
0
27
4
37
35
0
0
4
0
0
27
4
37
35
0
0
4
0
0
27
4
36
35
0
0
4
0
0
0
0
0
56
0
0
4
0
66
27
4
37
0
0
0
0
0
0
27
4
37
35
0
0
4
0
66
27
4
37
35
0
0
4
0
66
27
4
36
35
0
0
4
0
66
0
0
0
35
0
0
4
0
66
27
4
37
0
0
0
0
0
0
27
4
37
35
0
0
4
0
66
27
4
37
35
0
0
4
0
66
27
4
36
35
0
0
4
3
66
0
0
0
35
0
0
4
0
66
27
4
37
0
0
0
0
0
0
27
4
37
35
0
0
4
0
66
27
4
37
35
0
0
4
0
66
27
4
36
35
0
0
4
0
66
0
0
0
35
0
51
4
0
66
27
4
37
0
0
0
0
0
0
27
4
37
35
0
0
4
0
66
27
4
37
35
0
0
4
0
66
27
4
36
35
0
0
4
0
66
0
0
0
35
0
0
4
0
66
27
4
37
0
0
0
0
0
18
27
4
37
35
0
0
4
0
66
27
4
37
35
0
0
4
0
66
27
4
36
35
0
0
4
0
66
0
0
0
128
0
0
4
0
66
27
4
37
0
0
0
0
0
0
27
4
37
35
0
0
4
0
66
27
4
37
35
0
0
4
0
66
27
4
36
35
0
0
4
0
66
0
0
0
35
0
0
4
0
66
27
4
37
0
0
0
0
0
0
27
4
37
35
0
0
110
0
66
27
4
37
35
0
0
4
0
66
27
4
36
35
0
0
4
0
66
0
83
0
35
0
0
4
0
66
27
4
37
0
0
0
0
0
0
27
4
37
35
0
0
4
0
66
27
4
37
35
0
0
4
0
66
27
4
36
35
0
0
4
0
66
0
87
0
35
0
0
4
0
66
27
4
37
0
0
0
0
0
0
27
4
37
35
0
0
4
0
66
27
4
37
35
0
0
4
0
66
27
4
36
35
0
0
4
0
66
