0
0
0
0
0
44
0
0
0
34
0
0
0
0
0
0
0
21
0
0
0
0
0
0
0
25
0
0
0
0
0
0
0
76
0
0
0
0
0
0
0
0
0
0
0
12
0
0
0
87
0
0
0
0
0
0
69
0
0
0
0
18
0
0
0
0
0
0
26
0
0
0
0
0
0
0
16
0
0
0
0
0
0
0
76
0
0
0
0
0
0
0
74
0
0
0
0
0
0
0
42
0
0
0
0
0
0
0
15
0
36
0
0
0
64
0
0
0
0
0
0
0
0
0
0
0
42
0
0
0
30
0
0
0
0
0
0
0
0
0
0
0
66
0
0
0
0
0
0
0
23
0
0
0
0
0
0
0
8
0
0
0
0
38
0
0
48
0
0
0
0
0
0
0
0
22
0
0
0
0
0
0
0
22
0
0
0
0
0
0
0
14
0
0
0
0
0
0
0
85
0
0
0
0
0
0
0
4
0
0
0
0
0
0
0
45
0
0
0
87
0
0
0
0
