0
0
36
0
69
0
0
0
0
44
36
0
69
0
0
0
0
78
36
0
69
0
0
0
0
99
36
0
69
0
0
0
0
124
36
0
69
0
0
0
0
0
36
0
69
200
0
0
0
212
36
0
69
0
0
0
0
0
36
0
0
300
0
0
0
0
36
0
69
0
0
0
0
0
36
0
95
0
0
0
0
0
36
0
111
0
0
0
0
0
36
0
187
0
0
0
0
0
36
0
261
0
0
0
0
0
0
0
336
0
0
0
0
0
36
0
69
0
0
0
0
0
36
0
69
0
64
0
0
0
142
0
69
0
0
0
0
0
36
0
69
0
136
0
0
0
36
0
69
0
202
0
0
0
36
0
69
0
225
0
0
0
36
1
69
0
270
0
0
0
36
0
69
0
0
0
0
0
36
0
69
0
0
60
0
0
36
0
69
0
0
82
0
0
36
0
69
0
0
96
0
0
36
0
69
0
0
181
0
0
36
0
69
0
0
185
0
0
36
192
69
0
0
0
