0
274
0
0
0
0
170
0
0
0
0
0
0
0
196
0
87
0
0
0
0
0
0
0
0
0
0
0
0
0
0
0
0
0
0
0
0
0
242
0
0
0
0
0
0
0
230
0
0
0
0
0
0
0
0
0
0
0
0
0
0
4
0
0
0
0
0
0
0
0
170
0
0
0
67
0
0
0
0
0
0
0
0
0
0
0
0
242
0
0
0
0
0
0
0
0
0
0
0
0
0
0
33
0
0
131
0
0
0
0
0
0
0
25
0
0
0
0
0
0
0
89
0
0
0
0
0
0
0
0
0
0
13
0
0
0
0
0
0
264
1
0
0
0
0
0
83
0
0
0
0
0
0
0
0
0
0
0
0
0
232
0
0
0
0
0
0
0
0
0
0
232
0
0
0
0
0
0
0
0
0
0
0
0
0
0
0
264
0
0
19
0
0
0
0
8
0
0
0
0
0
0
0
0
0
0
0
0
0
0
22
0
318
0
0
0
0
0
0
0
239
0
0
0
