0
0
0
0
17
36
0
5
0
0
0
0
17
36
0
5
0
0
0
0
17
36
9
5
0
0
33
0
17
36
0
5
0
0
52
0
17
36
0
5
0
0
62
0
17
36
0
5
0
0
0
0
39
36
0
5
0
0
85
0
17
36
0
5
26
0
0
0
17
36
0
5
0
0
94
0
17
36
0
5
0
0
132
0
17
36
0
5
58
0
0
0
17
36
0
5
0
0
0
0
89
36
0
5
0
0
170
0
17
36
0
5
0
0
0
0
17
36
0
5
0
27
0
0
17
36
0
5
0
0
0
0
17
68
0
5
108
0
0
0
17
36
0
5
138
0
0
0
17
36
0
5
0
0
0
0
17
36
0
5
140
0
0
0
17
36
0
5
0
0
0
0
178
36
0
5
177
0
0
0
17
36
0
5
0
0
203
0
17
36
0
5
0
0
215
0
17
36
0
5
0
0
218
0
17
36
0
5
0
0
0
0
234
36
0
5
0
0
225
0
17
36
0
5
0
0
255
0
17
36
0
5
0
0
281
0
17
36
0
5
0
61
0
0
17
36
0
5
0
82
0
0
17
36
0
5
0
0
0
0
253
36
0
5
0
0
0
0
17
149
0
5
275
0
0
0
17
36
0
5
0
125
0
0
17
36
0
5
0
0
311
0
17
36
0
5
0
0
319
0
17
36
0
5
0
0
338
0
17
36
0
5
0
0
366
0
17
36
0
5
0
0
369
0
17
36
0
5
292
0
0
0
17
36
0
5
0
0
0
0
17
190
0
5
0
0
0
0
17
218
0
5
313
0
0
0
17
36
0
5
0
186
0
0
17
36
0
5
0
201
0
0
17
36
0
5
0
0
0
0
348
36
0
5
0
0
406
0
17
36
0
5
0
0
0
0
352
36
0
5
0
0
435
0
17
36
0
5
0
0
449
0
17
36
0
5
0
0
459
0
17
0
0
5
0
0
428
0
17
36
0
0
0
0
0
24
17
36
0
5
0
228
0
0
17
36
0
5
0
246
0
0
17
36
0
5
357
0
0
0
17
36
0
5
0
440
0
0
0
36
0
5
0
0
0
45
17
36
0
5
0
0
0
55
17
36
0
5
0
0
0
66
17
36
0
5
0
0
0
84
17
36
0
5
0
0
0
111
17
36
0
5
0
0
0
139
17
36
0
5
0
0
0
147
17
36
0
5
0
0
0
0
406
36
0
5
0
0
0
160
17
36
0
5
0
0
0
186
17
36
0
5
0
0
0
205
17
36
0
5
0
0
0
214
17
36
0
5
0
0
0
247
17
36
0
5
0
0
0
280
17
36
0
5
0
0
0
287
17
36
0
5
0
0
0
313
17
36
0
5
0
0
0
337
17
36
0
5
0
0
0
341
17
36
0
5
0
0
0
360
17
36
0
5
0
0
0
364
17
36
0
5
0
0
0
388
17
36
0
5
0
0
0
398
17
36
0
5
0
0
0
406
17
36
0
5
0
0
0
446
17
36
0
5
0
0
0
0
432
36
0
5
0
275
0
0
17
36
0
5
0
311
0
0
17
36
0
5
0
345
0
0
17
36
0
5
0
359
0
0
17
36
0
5
0
386
0
0
17
36
0
5
0
393
0
0
17
36
0
5
