0
0
0
0
165
0
0
0
0
373
0
373
0
0
0
0
0
0
0
278
0
278
0
0
0
0
0
0
0
438
0
0
99
0
345
0
0
0
0
0
0
0
250
24
0
0
227
0
0
0
0
0
0
0
0
42
0
0
0
427
0
0
0
0
0
0
0
0
102
0
0
0
0
0
0
0
0
400
0
0
0
0
0
0
0
0
433
0
24
147
0
0
0
0
0
0
0
0
279
0
0
0
0
0
0
0
0
0
0
10
0
3
0
0
0
0
75
0
0
0
0
41
0
0
0
0
0
0
0
0
0
0
0
0
0
0
0
0
0
0
0
311
0
0
0
0
0
371
0
0
0
0
399
0
0
24
0
0
0
0
0
106
0
0
0
0
0
0
63
0
0
0
75
0
250
0
0
0
386
0
0
0
266
0
0
0
29
0
153
0
0
0
0
0
0
0
0
0
0
0
0
0
0
0
425
0
0
0
0
0
0
0
134
0
0
0
63
0
0
0
19
0
0
0
0
0
0
0
0
374
0
0
0
0
0
0
0
0
0
74
3
0
0
0
0
0
0
3
0
0
0
0
0
0
0
132
0
0
0
0
0
0
0
3
0
47
0
0
0
0
0
0
0
0
0
7
0
0
0
0
0
0
316
0
0
0
0
0
0
0
0
0
0
0
0
0
0
0
0
0
0
355
0
0
0
0
0
0
0
0
0
104
0
0
0
0
0
0
0
0
0
0
426
0
0
0
0
0
0
0
0
0
0
0
285
0
0
0
251
0
165
0
0
0
0
0
0
58
0
0
0
0
381
0
0
0
0
0
0
0
0
0
0
0
0
0
212
0
0
0
0
373
0
0
0
0
0
0
0
0
15
0
0
0
0
59
0
0
0
0
0
0
0
441
0
0
0
0
0
0
0
0
0
0
0
341
0
0
0
46
0
0
0
0
0
0
423
0
0
0
0
0
0
0
0
419
0
0
19
0
0
0
99
0
0
0
19
0
0
0
0
88
0
0
0
0
0
0
0
88
0
342
0
0
0
0
0
0
250
0
0
0
339
0
0
0
355
0
0
0
0
0
0
0
0
0
15
268
0
0
344
0
0
0
0
0
0
0
38
0
0
0
55
0
0
0
0
0
0
400
0
0
0
0
0
0
0
0
0
0
34
46
55
0
0
0
0
10
0
0
0
0
0
258
0
0
0
0
0
0
0
69
0
0
0
0
0
0
315
0
0
0
34
0
0
0
0
0
0
0
266
0
132
0
0
0
0
0
0
0
0
0
0
0
0
0
306
0
0
8
0
0
0
0
0
0
0
0
0
62
0
0
0
0
355
0
0
0
0
0
0
0
0
395
279
0
0
0
0
0
0
0
0
3
0
0
0
0
0
0
0
0
56
0
0
0
128
0
0
0
0
0
0
3
99
0
0
0
75
278
0
0
24
0
0
0
0
463
24
0
120
0
0
0
0
0
0
0
0
0
0
302
0
0
0
0
0
0
0
0
0
451
0
0
0
0
0
0
432
0
0
0
63
0
0
0
15
0
0
0
0
0
0
24
0
0
0
0
24
0
0
0
0
0
0
0
0
0
0
436
0
0
0
0
0
0
0
271
0
0
0
0
0
127
0
0
0
0
0
0
