9
0
0
0
0
0
9
0
3
0
3
4
0
0
3
0
3
4
9
0
0
0
0
0
9
0
3
2
3
4
0
0
3
0
3
4
9
0
0
12
0
0
9
0
3
0
3
4
0
0
3
0
3
4
9
0
0
0
0
0
9
0
3
13
3
4
0
0
3
0
3
4
9
0
0
0
0
0
9
0
3
0
3
0
26
0
3
0
3
0
9
0
0
0
0
0
9
0
3
0
3
4
0
0
3
0
3
4
0
0
0
26
0
0
0
0
3
0
3
4
0
0
3
0
3
4
9
0
0
15
0
0
9
0
3
0
3
4
0
0
3
0
3
4
9
0
0
0
0
8
9
0
3
0
3
4
0
0
3
0
3
4
9
0
0
19
0
0
9
0
3
0
3
4
0
0
3
0
3
4
9
0
0
0
0
0
9
0
3
0
3
4
0
0
3
0
3
4
9
0
0
0
0
11
9
0
3
0
3
4
0
0
3
0
3
4
9
0
0
0
0
20
9
0
3
0
0
4
0
0
3
0
0
4
9
0
0
0
0
0
9
0
3
0
3
4
7
0
3
0
3
4
9
0
0
0
0
0
9
0
0
0
3
4
22
0
0
0
3
4
9
0
0
0
0
0
9
0
3
0
3
4
0
0
3
0
3
4
9
0
0
0
9
0
9
0
3
0
3
4
0
0
3
0
3
4
9
0
0
0
0
0
9
0
3
0
3
4
0
0
3
0
3
4
9
0
0
0
0
0
9
0
8
0
3
4
0
0
3
0
3
4
9
0
0
0
15
0
9
0
3
0
3
4
0
0
3
0
3
4
9
0
0
0
0
16
9
0
3
0
3
4
0
0
3
0
3
4
9
0
0
0
0
0
9
0
11
0
3
4
0
0
3
0
3
4
9
0
13
0
0
0
9
0
3
0
3
4
0
0
3
0
3
4
9
0
0
0
18
0
9
0
3
0
3
4
0
0
3
0
3
4
9
0
0
0
0
0
9
0
3
0
3
4
0
0
3
0
3
4
9
7
0
0
0
0
9
0
3
0
3
4
0
0
3
0
3
4
9
0
0
0
0
0
9
14
3
0
3
4
0
0
3
0
3
4
9
0
0
0
0
0
9
0
3
20
3
4
0
0
3
0
3
4
9
0
0
0
0
0
9
23
3
0
3
4
0
0
3
0
3
4
