432
0
0
0
0
0
0
0
0
0
0
509
0
0
0
0
0
0
0
0
251
0
0
0
0
0
0
0
0
0
0
0
509
0
5
0
0
0
0
0
0
0
0
36
0
0
0
0
0
0
0
0
0
0
0
0
440
0
0
0
0
0
0
0
0
0
0
450
0
0
0
0
0
0
0
0
44
0
0
0
0
0
440
341
0
0
0
0
0
0
246
0
0
0
0
0
0
0
0
0
0
0
0
359
433
0
0
0
0
0
0
0
0
0
0
0
172
0
0
0
0
0
0
0
107
0
0
0
0
0
1
0
0
425
0
0
0
0
0
404
404
0
0
0
0
0
0
0
0
0
0
54
0
0
440
0
0
0
448
0
0
0
274
0
0
0
0
0
0
116
0
0
0
0
0
0
0
74
0
0
0
0
0
0
509
0
0
59
0
0
509
0
0
0
109
0
0
0
0
0
0
0
0
0
0
0
495
0
0
163
0
0
0
0
0
0
505
4
505
505
0
0
0
0
415
0
0
0
0
0
0
0
0
0
157
0
0
0
0
0
0
0
0
0
0
0
0
424
0
0
0
0
0
0
0
0
0
0
0
0
0
0
0
0
342
0
0
0
0
0
0
0
0
0
72
0
0
0
0
0
0
0
0
0
0
0
409
0
0
0
0
0
0
31
0
0
0
0
407
0
0
0
0
0
0
0
0
0
0
0
0
18
0
0
0
0
0
116
0
0
6
0
0
0
0
0
0
0
370
0
0
0
0
0
0
0
0
0
0
341
0
0
0
0
