0
0
0
0
4
0
12
64
0
0
0
0
4
0
12
74
0
0
0
41
4
0
12
64
0
0
0
0
4
0
12
185
0
0
0
127
4
0
12
64
0
0
0
194
4
0
12
64
0
0
0
0
4
0
12
281
0
0
0
0
4
0
12
325
0
0
0
326
4
0
12
64
0
0
0
0
4
0
12
445
0
0
0
0
4
559
12
0
0
0
0
0
4
0
12
64
0
28
0
0
4
0
12
64
0
0
0
0
4
93
12
64
0
424
0
0
0
0
12
64
0
0
0
0
4
0
12
64
65
0
0
0
4
0
12
64
0
0
0
0
149
0
12
64
191
0
0
0
4
0
12
64
0
0
0
0
259
0
12
64
322
0
0
0
4
0
12
64
0
0
0
0
354
0
12
64
0
0
0
0
401
0
12
64
475
0
0
0
4
0
12
64
0
0
0
0
436
0
0
64
0
0
0
0
4
0
12
64
0
0
0
0
4
0
26
64
0
0
0
0
4
0
112
64
0
0
174
0
4
0
12
64
0
0
0
0
4
0
203
64
0
0
280
0
4
0
12
64
0
0
0
444
4
0
12
64
0
0
0
0
4
0
377
64
0
0
0
0
4
0
381
64
0
0
0
0
4
0
409
64
0
0
0
0
4
100
12
64
0
139
0
0
4
0
12
64
0
224
0
0
4
0
12
64
0
0
0
0
4
257
12
64
0
0
0
0
4
293
12
64
0
0
0
0
4
361
12
64
0
370
0
0
4
0
12
64
0
0
434
0
4
0
12
64
