0
10
0
0
0
24
0
0
2
0
24
10
0
2
0
0
10
0
0
26
24
0
0
2
0
24
10
0
2
0
0
10
0
0
55
24
0
0
2
0
24
10
0
2
0
0
10
0
0
71
24
0
0
2
0
24
10
0
2
0
0
10
0
0
0
24
0
0
2
0
24
10
0
2
0
0
10
0
0
103
24
0
0
2
0
24
10
0
2
0
0
10
0
0
130
24
0
0
2
0
24
10
0
2
0
0
10
0
0
145
24
0
0
2
0
24
10
0
2
0
0
10
0
0
171
24
0
0
0
0
24
10
0
0
0
0
10
0
0
151
24
0
0
2
0
24
10
0
2
0
0
10
0
1
0
24
0
0
2
0
24
10
0
2
0
0
10
0
24
0
24
0
0
2
0
24
10
0
2
0
0
10
0
46
0
24
0
0
2
0
24
10
0
2
0
0
10
0
52
0
24
0
0
2
0
24
10
0
2
0
0
10
0
53
0
24
0
0
2
0
24
10
0
2
0
0
10
0
91
0
24
0
0
2
0
24
10
0
2
0
0
10
0
121
0
24
0
0
2
0
24
10
0
2
0
0
10
0
127
0
24
0
0
2
0
24
10
0
2
0
172
0
0
0
0
24
0
0
2
0
24
0
0
2
0
0
10
0
0
0
24
0
0
2
0
24
10
0
2
0
8
10
0
0
0
24
0
0
2
0
24
10
0
2
0
23
10
0
0
0
24
0
0
2
0
24
10
0
2
0
0
10
0
0
0
76
0
0
2
0
24
10
0
2
0
0
10
0
0
0
90
0
0
2
0
24
10
0
2
0
83
10
0
0
0
24
0
0
2
0
24
10
0
2
0
0
10
0
0
0
24
0
0
2
0
137
10
0
2
0
0
10
0
147
0
24
0
0
2
0
24
10
0
2
0
122
10
0
0
0
24
0
0
2
0
24
10
0
2
0
0
10
0
0
0
153
0
0
2
0
24
10
0
2
0
148
10
0
0
0
24
0
0
2
0
24
10
0
2
0
0
10
186
0
0
0
0
0
2
0
0
10
0
2
0
0
10
0
0
0
24
0
0
2
0
24
10
0
2
0
0
10
8
0
0
24
0
0
2
0
24
10
0
2
0
0
10
0
178
0
24
0
0
2
0
24
10
0
2
0
0
10
32
0
0
24
0
0
2
0
24
10
0
2
0
0
10
51
0
0
24
0
0
2
0
24
10
0
2
0
0
10
62
0
0
24
0
0
2
0
24
10
0
2
0
0
10
90
0
0
24
0
0
2
0
24
10
0
2
0
0
10
0
0
0
24
0
107
2
0
24
10
0
2
0
0
10
141
0
0
24
0
0
2
0
24
10
0
2
0
0
10
0
188
0
24
0
0
2
0
24
10
0
2
0
0
10
174
0
0
24
0
0
2
0
24
10
0
2
0
0
10
0
0
0
24
0
0
2
0
24
10
0
2
0
0
10
0
0
0
24
32
0
2
0
24
10
0
2
0
0
10
0
0
0
24
57
0
2
0
24
10
0
2
0
0
10
0
0
0
24
77
0
2
0
24
10
0
2
0
0
10
0
0
0
24
99
0
2
0
24
10
0
2
0
0
10
0
0
0
24
0
0
196
0
24
10
0
2
0
0
115
0
0
0
24
0
0
2
0
24
10
0
2
0
0
10
0
0
0
24
119
0
2
0
24
10
0
2
0
0
10
0
0
0
24
151
0
2
0
24
10
0
2
0
0
10
0
0
0
24
178
0
2
0
24
10
0
2
0
0
10
0
0
0
24
185
0
2
0
24
10
0
2
0
