5
0
0
0
6
0
5
0
0
0
0
8
0
0
0
0
6
8
5
0
0
0
6
0
5
0
0
0
0
8
0
0
0
0
6
10
5
0
0
0
6
12
5
0
0
0
0
8
0
0
0
0
6
8
5
0
0
0
0
77
5
0
0
0
0
8
0
0
0
0
0
8
0
0
0
0
6
0
0
0
0
0
77
8
0
0
0
0
6
8
5
0
0
0
6
13
5
0
0
0
0
8
0
0
0
0
6
8
5
0
0
0
6
0
5
0
0
0
0
8
0
0
0
0
6
23
5
0
0
0
6
0
5
0
0
0
0
8
0
0
0
0
6
24
5
0
0
0
6
0
5
0
0
0
0
27
0
0
0
0
6
8
5
0
0
0
6
0
5
0
0
0
0
8
0
0
0
0
6
8
5
0
0
0
6
0
5
0
0
0
0
8
0
0
0
0
6
31
5
0
0
0
6
32
5
0
0
0
0
8
0
0
0
0
6
8
5
0
0
0
6
0
5
0
0
0
0
8
0
0
0
0
6
8
5
0
0
0
6
0
5
0
0
0
0
48
0
0
0
0
6
8
5
0
0
0
6
0
5
0
0
0
0
8
0
0
0
0
6
57
5
0
0
0
6
0
5
0
0
0
0
8
0
0
0
0
6
59
5
0
0
0
6
0
5
0
0
0
0
8
0
0
0
0
11
8
5
0
0
0
20
0
5
0
0
0
0
8
0
0
0
0
6
8
5
0
0
0
28
0
5
0
0
0
0
8
0
0
0
0
6
8
5
0
0
0
38
0
5
0
0
0
0
8
0
0
0
0
6
8
5
0
0
0
43
0
5
0
0
0
0
8
0
0
0
0
6
8
5
0
0
0
6
58
5
0
0
0
0
8
0
0
0
0
6
8
5
0
0
0
6
0
5
0
0
0
0
8
0
0
0
0
47
8
5
0
0
0
53
0
5
0
0
0
0
8
0
0
0
0
6
8
5
0
0
0
59
0
5
0
0
0
0
8
0
0
0
0
6
8
6
0
0
0
6
0
5
0
0
0
0
8
0
0
0
0
6
8
5
0
0
0
6
0
13
0
0
0
0
8
0
0
0
0
6
8
16
0
0
0
6
0
5
0
0
0
0
8
0
0
0
0
6
8
5
0
0
0
6
59
5
0
0
0
0
8
0
0
0
0
6
8
24
0
0
0
6
0
5
0
0
0
0
8
0
0
0
0
6
8
5
0
0
0
6
0
33
0
0
0
0
8
0
0
0
0
6
8
5
0
0
0
6
0
5
0
0
0
0
8
38
0
0
0
6
8
46
0
0
0
6
0
5
0
0
0
0
8
0
0
0
0
6
8
49
0
0
0
6
0
5
0
0
0
0
8
0
0
0
0
6
8
58
0
0
0
6
0
5
0
0
0
0
8
0
0
0
0
6
8
60
0
0
0
6
0
5
0
0
0
0
8
0
0
0
0
6
8
62
0
0
0
6
0
5
0
0
0
0
8
0
0
0
0
6
8
5
0
0
0
6
0
5
0
0
0
0
8
0
0
0
0
6
8
70
0
0
0
6
0
5
0
0
0
0
8
0
0
0
0
6
8
5
0
0
0
6
0
5
0
0
0
62
8
0
0
0
0
6
8
5
0
0
0
6
0
5
0
0
0
0
8
0
0
0
0
6
8
5
0
0
0
6
0
5
0
0
0
0
8
0
0
9
0
6
8
5
0
0
0
6
0
5
0
15
0
0
8
0
0
0
0
6
8
5
0
0
0
6
0
5
0
17
0
0
8
0
0
0
0
6
8
5
0
0
8
6
0
5
0
0
0
0
8
0
0
0
0
6
8
5
0
0
0
6
0
5
0
0
0
0
8
0
0
0
0
6
8
5
0
0
0
6
0
5
0
0
0
0
8
0
5
0
0
6
8
5
0
0
0
6
0
5
11
0
0
0
8
0
0
0
0
6
8
5
0
0
0
6
0
5
0
0
0
0
8
0
21
0
0
6
8
5
0
25
0
6
0
5
0
0
0
0
8
0
0
0
0
6
8
5
0
0
0
6
61
5
0
0
0
0
8
0
0
0
0
6
8
5
0
0
0
6
0
5
0
0
13
0
8
0
0
0
0
6
8
5
0
30
0
6
0
5
0
0
0
0
8
0
0
0
0
6
8
5
0
33
0
6
0
5
0
0
0
0
8
0
0
0
0
6
8
5
0
0
0
6
0
5
0
36
0
0
8
0
0
0
0
6
8
5
0
0
0
6
0
5
0
0
0
0
8
0
30
0
0
6
8
5
0
0
79
6
0
5
0
0
0
0
0
0
0
0
0
6
0
5
0
0
0
6
0
5
0
45
0
0
8
0
0
0
0
6
8
5
0
0
0
6
0
5
0
55
0
0
8
0
0
0
0
6
8
5
0
0
0
6
0
5
0
0
0
0
8
0
0
57
0
6
8
5
0
0
0
6
0
5
0
0
21
0
8
0
0
0
0
6
8
5
0
0
0
6
0
5
0
0
0
0
8
0
0
0
27
6
8
5
0
0
0
6
0
5
0
0
29
0
8
0
0
0
0
6
8
5
0
0
36
6
0
5
0
0
0
0
8
0
0
0
0
6
8
5
0
0
0
6
0
5
0
0
0
0
8
0
0
0
45
6
8
5
0
0
47
6
0
5
0
0
0
0
8
0
0
0
0
6
8
5
0
0
0
6
0
5
0
0
0
0
8
0
0
0
0
6
70
5
33
0
0
6
0
5
0
0
0
0
8
0
0
0
0
6
8
5
0
0
0
6
63
5
0
0
0
0
8
0
0
0
0
6
8
5
0
0
0
6
0
5
0
0
0
0
8
0
0
0
53
6
8
5
0
0
0
6
0
5
0
0
0
0
8
0
0
0
58
6
8
5
0
0
0
6
0
5
0
0
0
0
8
0
0
0
0
6
72
5
39
0
0
6
0
5
0
0
0
0
8
0
0
0
0
6
8
5
43
0
0
6
0
5
0
0
0
0
8
0
0
0
0
6
8
5
0
0
0
6
0
5
0
0
0
0
8
0
0
67
0
6
8
5
0
0
0
6
0
5
0
0
0
0
73
0
0
0
0
6
8
5
46
0
0
6
0
5
0
0
0
0
8
0
0
0
0
6
8
5
0
0
66
6
0
5
0
0
0
0
8
0
0
0
0
6
8
5
0
0
0
6
0
5
0
0
0
0
8
0
0
74
0
6
8
5
0
0
0
6
0
5
52
0
0
0
8
0
0
0
0
6
8
5
0
0
0
6
0
5
0
0
0
0
8
0
56
0
0
6
8
5
0
0
0
6
0
5
66
0
0
0
8
0
0
0
0
6
8
5
0
0
73
6
0
5
0
0
0
0
8
0
0
0
0
6
8
5
0
0
0
6
0
5
0
0
0
0
8
0
75
0
0
6
8
