0
0
0
73
0
0
0
0
0
0
73
0
0
0
0
0
41
0
1
0
0
0
0
0
0
2
0
5
0
0
0
12
0
0
0
0
0
29
0
0
0
0
0
0
0
0
0
16
0
1
0
0
9
0
0
0
0
3
0
0
0
0
0
33
0
0
0
0
0
1
0
0
0
0
53
0
0
0
0
0
84
0
0
0
0
0
0
0
0
19
0
0
0
0
84
0
56
0
0
0
0
0
55
0
0
0
0
0
0
37
0
0
0
0
0
34
0
0
0
0
0
0
0
0
0
72
0
0
0
0
0
37
69
0
0
0
0
0
0
9
0
0
0
0
0
0
0
0
80
0
0
0
0
0
0
83
0
57
0
0
0
0
0
0
44
0
0
0
0
0
81
0
0
0
35
0
0
0
0
0
0
0
25
0
0
0
44
0
0
0
0
0
0
0
0
31
0
0
0
0
0
0
3
0
0
0
0
0
43
0
0
71
0
0
0
0
63
0
0
0
0
0
0
11
0
0
0
0
67
0
0
0
0
0
26
0
0
1
0
0
0
0
0
0
5
0
0
0
9
0
0
0
0
0
0
0
63
0
0
0
24
0
0
0
65
0
0
0
0
0
0
0
0
0
0
85
5
0
0
0
0
0
0
0
0
31
0
0
0
0
0
0
0
32
