0
0
0
591
0
0
0
0
0
0
114
0
0
0
0
68
68
0
5
0
0
0
0
0
0
0
0
585
0
0
0
2
0
0
0
0
0
127
0
0
0
0
0
0
0
0
0
0
0
55
0
0
0
0
0
0
0
32
0
0
0
0
0
35
0
0
0
0
0
31
0
0
0
0
114
0
0
0
0
511
511
511
0
0
0
0
0
0
0
576
0
0
0
0
330
0
87
0
0
0
0
0
32
0
0
0
0
0
0
56
0
0
0
0
0
93
0
0
0
0
0
0
0
0
68
419
0
0
0
0
0
595
143
2
0
0
0
0
0
46
0
0
0
0
0
0
0
0
187
0
0
0
0
0
0
16
0
156
0
0
0
0
0
0
595
0
0
595
0
0
33
0
0
0
457
0
0
0
0
0
0
0
639
0
0
0
492
0
0
0
0
0
0
46
0
554
0
0
0
0
0
0
65
0
0
0
0
0
414
0
0
593
0
0
0
0
536
2
0
0
0
0
0
35
0
35
0
0
212
0
0
0
0
16
6
0
0
590
0
0
0
0
0
0
109
0
0
0
0
0
0
0
0
0
0
0
267
0
0
0
9
0
0
0
599
0
0
0
0
0
0
0
0
0
0
491
0
0
0
0
0
595
0
0
0
0
0
0
0
0
0
0
0
632
