0
0
22
0
23
0
73
0
22
0
23
0
0
0
22
146
23
0
0
0
22
187
23
0
0
0
22
188
23
0
195
0
22
0
23
0
207
0
22
0
23
0
236
0
22
0
23
0
0
0
22
252
23
0
0
0
22
262
23
0
0
0
22
265
23
0
298
0
22
0
23
0
299
0
22
0
23
0
0
0
22
352
23
0
436
0
22
0
23
0
0
0
22
455
23
0
539
0
22
0
23
0
595
0
22
0
23
0
0
0
22
602
0
0
0
0
22
0
23
0
0
34
22
0
23
0
0
106
22
0
23
0
0
143
22
0
23
0
0
212
22
0
23
0
0
221
22
0
23
0
0
301
22
0
23
0
0
384
22
0
23
0
0
441
22
0
23
0
0
601
0
0
23
0
0
0
22
0
23
0
0
0
22
0
23
35
0
0
82
0
23
0
0
0
126
0
23
0
0
0
22
0
23
135
0
0
160
0
23
0
0
0
22
0
23
181
0
0
274
0
23
0
0
0
337
0
23
0
0
0
22
0
23
326
0
0
22
0
23
393
0
0
22
0
508
0
0
0
442
0
23
0
0
0
451
0
23
0
0
490
22
0
23
0
0
0
22
0
23
492
0
0
22
0
23
557
0
0
22
0
537
0
0
0
22
0
542
0
0
550
22
0
23
0
