0
0
0
0
0
0
62
0
0
0
0
0
0
0
0
0
0
0
0
0
0
0
0
0
0
0
0
73
0
0
0
0
0
0
0
0
0
0
0
0
0
42
0
0
0
0
0
0
0
41
0
0
0
0
0
0
0
0
0
0
0
62
62
12
0
0
0
0
0
0
0
0
0
0
0
0
0
0
0
0
0
0
0
69
0
0
0
0
0
0
0
0
0
0
0
0
0
0
0
0
0
0
0
0
57
0
72
1
0
0
0
73
0
0
0
0
0
0
0
73
0
0
0
0
0
0
0
0
69
0
0
0
0
0
0
0
0
0
0
0
0
0
0
0
0
68
0
0
0
0
0
0
0
0
0
0
0
0
0
0
3
0
0
0
0
0
0
0
0
0
0
0
0
0
0
0
0
0
0
58
0
0
0
0
0
0
0
3
0
0
0
0
0
0
0
0
0
0
9
0
0
0
0
0
0
0
0
0
0
2
0
72
0
0
71
71
0
0
0
0
0
0
0
0
0
0
0
0
0
0
0
0
0
0
0
0
52
16
0
52
0
1
1
0
0
0
0
0
0
0
0
0
0
0
0
0
0
9
0
0
0
0
0
0
0
0
0
0
73
0
0
7
0
0
0
61
0
0
0
0
0
0
0
0
0
0
0
0
0
0
0
66
0
0
0
0
0
0
0
0
0
0
0
0
0
0
0
0
0
0
0
0
0
54
0
0
0
0
65
0
0
0
0
0
6
0
0
0
0
19
0
0
0
0
0
0
0
16
0
0
0
0
0
0
0
0
0
9
0
0
0
0
0
0
0
0
68
0
0
0
0
0
0
0
0
56
0
0
0
0
0
0
0
0
0
66
0
0
0
0
0
0
1
0
0
0
0
0
0
0
0
0
9
0
0
0
0
0
47
0
0
0
0
0
0
0
0
0
0
0
0
0
26
0
0
0
0
0
0
0
0
0
0
0
0
0
0
0
0
6
0
0
0
0
0
0
0
0
0
0
0
0
0
0
0
0
70
0
0
0
0
0
0
0
50
0
0
0
0
0
0
0
0
0
0
0
0
0
0
0
0
0
0
0
65
0
0
65
0
0
0
0
0
0
0
0
0
0
0
0
0
0
8
1
73
0
0
49
0
0
0
0
0
0
0
3
0
0
0
0
0
0
0
0
0
0
0
0
0
55
0
0
0
0
0
0
0
58
12
51
0
0
0
9
0
0
0
0
0
0
71
71
0
0
71
0
0
0
0
0
0
0
1
0
0
0
0
0
0
0
0
0
0
64
0
0
0
0
59
0
0
0
0
0
0
0
0
3
0
0
0
0
10
0
0
0
0
1
0
0
0
0
0
0
0
0
0
0
0
60
0
0
0
0
0
0
73
73
0
0
0
0
64
73
0
0
0
0
0
0
0
0
10
0
0
0
0
0
0
0
0
0
0
58
0
0
0
0
0
0
0
0
0
0
0
0
0
0
0
0
0
0
0
0
66
0
0
0
0
0
0
0
0
0
0
0
0
0
0
0
5
0
0
0
0
0
0
0
0
0
0
0
0
0
0
58
0
16
0
0
0
0
0
11
0
0
0
0
0
0
0
0
0
0
2
0
0
0
0
0
0
0
0
0
0
0
0
63
0
0
0
0
0
0
0
0
0
0
0
0
0
0
13
0
0
33
0
0
0
33
0
0
0
0
0
0
0
0
0
0
0
0
0
0
0
0
0
0
0
0
0
0
64
0
0
12
0
0
12
0
0
0
0
0
0
0
0
0
0
0
0
72
0
0
0
0
0
0
0
0
0
0
0
0
2
0
0
0
0
0
0
0
0
2
0
0
0
0
0
66
0
0
0
0
0
0
0
0
0
0
6
0
0
0
2
0
0
0
0
0
0
0
7
0
0
0
0
0
0
0
0
0
0
0
0
0
0
0
0
6
0
6
0
0
0
0
0
73
0
0
0
0
0
0
0
0
0
0
0
0
15
0
0
0
0
0
0
0
0
0
0
0
0
0
0
0
0
0
0
0
0
0
0
0
0
0
0
0
1
0
0
0
0
12
51
0
0
0
51
0
0
0
0
0
0
12
0
0
0
0
0
12
0
0
0
0
0
0
0
0
0
0
0
0
0
0
0
0
57
0
0
0
0
0
0
27
0
0
0
0
0
0
0
0
0
0
0
0
0
0
0
0
0
0
0
0
0
0
0
0
0
0
0
0
66
0
0
0
0
0
0
0
0
0
0
0
35
0
0
0
0
0
0
0
0
0
0
0
0
0
0
14
0
0
0
0
0
0
0
0
0
0
0
64
0
0
0
0
0
0
0
0
0
0
0
0
0
0
0
0
0
0
0
0
0
0
0
0
0
0
0
0
0
0
0
0
0
66
0
0
