0
0
0
0
2
6
0
0
6
0
2
0
0
6
2
0
0
0
0
2
6
0
0
6
0
2
0
0
6
2
0
0
0
4
2
6
0
0
6
0
2
0
0
6
2
0
0
0
0
3
6
0
0
6
0
2
0
0
6
2
0
0
0
0
2
6
0
0
0
74
2
0
0
0
2
0
0
0
0
2
6
0
0
6
0
2
0
0
6
12
0
0
0
0
2
6
0
0
6
0
2
0
0
6
14
0
0
0
0
2
6
0
0
20
0
2
0
0
6
2
0
0
0
0
2
6
0
0
6
13
2
0
0
6
2
0
0
0
22
2
6
0
0
6
0
2
0
0
6
2
0
0
0
0
22
6
0
0
6
0
2
0
0
6
2
0
0
0
27
2
6
0
0
6
0
2
0
0
6
2
0
0
0
0
2
6
0
0
6
0
2
0
0
6
24
0
0
0
0
2
6
0
0
6
0
2
0
0
35
2
0
0
0
0
2
6
0
0
6
0
2
0
0
6
28
0
0
0
0
2
6
0
0
6
0
2
0
0
37
2
0
0
0
0
2
6
0
0
6
0
2
0
0
42
2
0
0
0
0
2
6
0
0
6
0
2
0
0
6
35
0
0
0
0
2
6
0
0
6
0
2
0
0
45
2
0
0
0
0
67
0
0
0
6
0
0
0
0
6
2
0
0
0
0
2
6
0
0
6
0
2
0
0
6
2
9
0
0
0
2
6
0
0
6
0
2
0
0
6
2
17
0
0
0
2
6
0
0
6
0
2
0
0
6
2
27
0
0
0
2
6
0
0
6
0
2
0
0
6
2
0
0
0
49
2
6
0
0
6
0
2
0
0
6
2
29
0
0
0
2
6
0
0
6
0
2
0
0
6
2
0
0
0
0
2
6
0
0
6
34
2
0
0
6
2
0
0
0
0
2
6
0
0
6
0
2
0
0
6
40
0
0
0
0
2
6
0
0
6
0
33
0
0
6
2
40
0
0
0
2
6
0
0
6
0
2
0
0
6
2
0
0
0
0
41
6
0
0
6
0
2
0
0
6
2
0
0
0
0
2
6
0
0
6
0
2
0
0
6
42
44
0
0
0
2
6
0
0
6
0
2
0
0
6
2
46
0
0
0
2
6
0
0
6
0
2
0
0
6
2
55
0
0
0
2
6
0
0
6
0
2
0
0
6
2
0
0
0
0
43
6
0
0
6
0
2
0
0
6
2
0
0
0
0
2
6
0
0
6
0
2
0
0
6
2
0
0
10
0
2
6
0
0
6
0
2
0
0
6
2
0
0
0
0
2
6
0
0
6
0
2
0
0
60
2
0
0
0
0
2
6
0
0
6
0
2
0
0
6
2
0
0
0
0
47
6
0
0
6
0
2
0
0
6
2
0
0
15
0
2
6
0
0
6
0
2
0
0
6
2
0
6
0
0
2
6
0
0
6
0
2
0
0
6
2
0
0
0
57
2
6
0
0
6
0
2
0
0
6
2
0
0
0
0
48
6
0
0
6
0
2
0
0
6
2
0
0
0
0
2
6
0
0
6
0
2
0
21
6
2
0
0
0
0
49
6
0
0
6
0
2
0
0
6
2
0
0
0
64
2
6
0
0
6
0
2
0
0
6
2
0
13
0
0
2
6
0
0
6
0
2
0
0
6
2
0
16
0
0
2
6
0
0
6
0
2
0
0
6
2
0
0
0
65
2
6
0
0
6
0
2
0
0
6
2
0
0
0
0
50
6
0
0
6
0
2
0
0
6
2
0
24
0
0
2
6
0
0
6
0
2
0
0
6
2
0
0
0
66
2
6
0
0
6
0
2
0
0
6
2
0
28
0
0
2
6
0
0
6
0
2
0
0
6
2
0
0
31
0
2
6
0
0
6
0
2
0
0
6
2
0
0
34
0
2
6
0
0
6
0
2
0
0
6
2
0
0
42
0
2
6
0
0
6
0
2
0
0
6
2
0
0
51
0
2
6
0
0
6
0
2
0
0
6
2
0
0
65
0
0
6
0
0
6
0
2
0
0
6
0
0
0
61
0
2
6
0
0
6
0
2
0
0
6
2
65
0
0
0
2
6
0
0
6
0
2
0
0
6
2
0
38
0
0
2
6
0
0
6
0
2
0
0
6
2
0
0
0
0
2
2
0
0
6
0
2
67
0
6
2
0
0
0
0
53
6
0
0
6
0
2
0
0
6
2
0
45
0
0
2
6
0
0
6
0
2
0
0
6
2
0
52
0
0
2
6
0
0
6
0
2
0
0
6
2
0
0
0
0
60
6
0
0
6
0
2
0
0
6
2
0
59
0
0
2
6
0
0
6
0
2
0
0
6
2
0
61
0
0
2
6
0
0
6
0
2
0
0
6
2
