0
0
3
0
2
2
0
0
0
0
2
0
3
0
31
0
0
3
9
2
2
0
0
0
0
2
0
3
9
2
0
0
3
9
2
2
0
0
0
0
2
0
3
9
2
0
0
3
9
2
2
0
0
5
0
2
0
3
9
2
0
0
3
9
9
2
0
0
0
0
2
0
3
9
2
0
0
3
9
2
2
0
0
0
0
2
0
3
9
10
0
0
3
9
2
2
0
0
0
0
2
0
3
9
19
0
0
3
9
2
2
0
0
7
0
2
0
3
9
2
0
0
3
9
2
2
0
0
0
25
2
0
3
9
2
0
0
3
9
2
0
0
0
0
0
0
0
3
31
2
0
0
3
9
2
2
0
0
0
0
2
0
3
9
2
8
0
3
9
2
2
0
0
0
0
2
0
3
9
2
0
0
3
9
2
2
0
0
16
0
2
0
3
9
2
0
0
3
9
0
2
0
0
0
0
2
0
25
9
0
0
0
3
9
2
2
0
0
0
0
2
0
3
9
2
0
0
3
9
2
2
0
0
0
0
20
0
3
9
2
0
0
3
9
2
2
0
0
0
0
24
0
3
9
2
0
0
3
9
2
2
0
0
0
0
2
0
11
9
2
0
0
0
9
2
2
0
0
0
0
2
23
0
9
2
0
0
3
9
2
2
0
0
0
0
2
0
3
9
2
0
0
3
9
2
2
0
15
0
0
2
0
3
9
2
0
0
3
9
2
2
8
0
0
0
2
0
3
9
2
0
0
22
9
2
2
0
0
0
0
2
0
3
9
2
0
0
3
9
2
2
0
0
0
0
2
15
3
9
2
