8
0
0
0
0
0
8
3
0
0
0
0
0
3
0
0
0
0
8
0
0
0
0
0
8
3
0
0
0
0
0
3
0
0
0
0
0
0
0
0
0
0
0
3
0
0
48
0
0
3
0
0
0
0
8
0
0
0
0
0
8
3
0
0
0
0
0
3
0
0
0
0
8
0
0
0
0
0
8
3
0
0
0
0
0
3
0
0
0
0
8
0
0
0
0
0
8
0
0
43
0
0
0
0
0
0
0
0
8
0
0
0
0
0
8
3
0
0
0
0
0
3
0
0
0
0
8
0
0
0
0
0
8
3
0
0
0
0
0
3
0
32
0
0
8
0
0
0
0
6
8
3
0
0
0
0
49
3
0
0
0
0
8
0
0
0
0
0
8
3
0
0
0
0
0
3
0
0
0
0
8
0
0
0
0
0
8
3
0
0
0
0
0
3
0
0
0
32
8
0
0
0
0
0
33
3
0
0
0
0
0
3
0
0
0
0
8
0
0
0
33
0
8
3
0
0
0
0
0
3
0
0
0
0
8
0
0
0
0
0
8
38
0
0
0
0
0
3
0
0
0
0
8
0
31
0
0
0
8
3
0
0
0
0
0
3
0
0
0
0
