18
0
20
19
0
0
0
0
0
0
20
0
27
0
0
0
18
0
0
19
27
0
0
0
18
0
20
19
27
0
0
0
18
0
20
19
0
0
0
0
0
0
20
0
27
0
0
0
18
0
0
19
27
0
0
0
18
0
20
19
27
0
0
5
18
0
20
19
0
0
0
33
0
0
20
0
27
0
0
0
18
0
0
19
27
0
0
0
18
0
20
19
27
0
0
0
18
0
20
19
0
0
0
0
0
0
20
0
27
0
0
0
18
0
0
19
27
0
0
0
18
0
20
19
27
0
0
0
18
0
20
19
0
0
0
0
0
0
20
0
27
0
35
0
18
0
0
19
27
0
0
0
18
0
20
19
27
0
0
0
18
0
20
19
0
0
0
0
0
0
20
0
27
0
0
0
18
0
0
19
27
0
0
0
18
0
20
19
27
0
75
0
18
0
20
19
0
0
0
0
0
0
20
0
27
0
0
0
18
0
0
19
27
0
0
0
18
0
20
19
27
0
0
0
18
0
20
19
30
0
0
0
0
0
20
0
27
0
0
0
18
0
0
19
27
0
0
0
18
0
20
19
27
0
0
0
18
0
20
19
0
0
0
43
0
0
20
0
27
0
0
0
18
0
0
19
27
0
0
0
18
0
20
19
27
0
0
0
18
0
20
19
0
0
102
0
0
0
20
0
27
0
0
0
18
0
0
19
27
0
0
0
18
0
20
19
27
0
0
0
18
0
20
19
0
0
130
0
0
0
20
0
27
0
0
0
18
0
0
19
27
0
0
0
18
0
20
19
27
0
0
0
18
0
20
19
0
0
0
0
0
0
20
0
81
0
0
0
18
0
0
19
27
0
0
0
18
0
20
19
27
0
0
0
18
0
20
19
0
0
0
75
0
0
20
0
27
0
0
0
18
0
0
19
27
0
0
0
18
0
20
19
27
0
0
0
18
0
20
19
63
0
0
0
0
0
20
0
27
0
0
0
18
0
0
19
27
0
0
0
18
0
20
19
27
0
0
0
18
0
20
0
0
0
0
183
0
0
20
0
27
0
0
0
18
0
0
0
27
0
0
0
18
0
20
0
27
0
0
0
18
0
20
19
0
0
0
0
0
0
20
0
27
0
0
0
18
0
0
19
27
0
0
0
18
0
20
19
27
0
0
0
18
0
20
19
0
0
146
0
0
0
20
0
27
0
0
0
18
0
0
19
27
0
0
0
18
0
20
19
27
0
0
0
18
0
20
19
0
0
0
0
0
0
20
0
27
0
0
0
18
0
0
39
27
0
0
0
18
0
20
19
27
0
0
0
18
0
20
19
0
0
0
0
0
0
20
0
27
0
0
0
18
0
0
19
27
0
0
0
18
0
20
66
27
0
0
0
18
0
20
78
0
0
0
0
0
0
20
0
27
0
0
0
18
0
0
19
27
0
0
0
18
0
20
19
27
0
0
0
18
0
20
19
0
0
0
0
0
0
20
75
27
0
0
0
18
0
0
19
27
0
0
0
18
0
20
19
27
0
0
0
18
0
20
19
0
0
0
0
0
0
20
0
27
0
0
0
18
0
0
133
27
0
0
0
18
0
20
19
27
0
0
0
18
0
20
19
0
0
0
0
0
0
20
0
27
0
0
0
18
0
0
19
27
0
0
0
18
0
20
19
27
0
0
0
18
0
20
19
0
0
0
0
0
0
20
0
27
0
0
0
21
0
0
19
27
0
0
0
18
0
20
19
27
0
0
0
18
0
20
19
0
0
0
0
0
0
20
0
27
0
0
0
18
0
0
19
27
0
0
0
18
0
20
19
27
0
0
86
18
0
20
19
0
0
0
0
11
0
20
0
27
0
0
0
18
0
0
19
27
0
0
0
18
0
20
19
27
0
0
0
0
0
20
19
0
0
0
0
0
0
20
0
27
0
0
0
0
0
0
19
27
0
0
0
0
0
20
19
27
148
0
0
47
0
20
19
0
0
0
0
0
0
20
0
27
0
0
0
18
0
0
19
27
0
0
0
18
0
20
19
27
0
0
0
18
0
20
19
0
0
0
0
0
0
20
0
0
0
0
0
166
0
0
19
0
0
0
0
18
0
20
19
0
0
0
0
18
0
20
19
0
0
0
0
0
0
20
0
27
0
0
0
18
0
0
19
27
0
0
0
59
0
20
19
27
0
0
0
6
0
20
19
0
0
0
0
6
0
20
0
27
0
0
160
6
0
0
19
27
0
0
0
6
0
20
19
27
0
0
0
18
0
20
19
0
0
0
0
71
0
20
0
27
0
0
0
18
0
0
19
27
0
0
0
18
0
20
19
27
0
0
0
18
0
20
19
0
0
0
0
0
0
20
0
27
0
0
0
18
0
0
19
27
0
0
0
18
0
20
19
27
0
0
0
18
0
20
19
0
0
0
0
0
0
20
0
27
0
0
0
18
0
2
19
27
0
0
0
18
0
20
19
27
0
0
0
18
0
20
19
0
0
0
0
0
0
20
0
27
0
0
0
18
0
0
19
27
0
0
0
18
0
50
19
27
0
0
0
18
0
20
19
0
0
0
0
0
0
20
0
27
0
0
0
18
0
0
19
27
0
0
0
18
0
61
19
27
0
0
0
18
0
20
19
0
0
0
0
0
0
20
0
27
0
0
0
18
0
0
156
27
0
0
0
18
0
20
19
27
0
0
0
18
0
20
19
0
0
0
0
0
0
20
0
27
0
0
0
18
0
0
19
27
0
0
0
18
0
76
19
27
0
0
0
18
0
104
19
0
0
0
0
0
0
20
0
27
0
0
0
18
0
0
19
27
0
0
0
18
0
20
19
27
0
0
0
18
0
20
19
0
0
0
0
0
0
20
0
27
0
180
0
18
0
0
19
27
0
0
0
18
0
20
19
27
0
0
0
18
0
20
19
6
0
0
0
0
0
20
0
6
0
0
0
18
0
169
19
6
0
0
0
18
0
20
19
6
0
0
0
18
0
20
19
0
0
0
0
0
0
20
0
27
0
0
0
18
0
0
19
27
0
0
0
127
0
20
19
27
0
0
0
18
0
20
19
0
0
0
0
0
0
20
0
27
0
0
0
153
0
0
19
27
0
0
0
18
0
20
19
27
0
0
0
18
0
20
19
0
0
0
0
0
0
20
0
27
0
0
0
18
0
0
19
27
0
0
0
18
0
20
19
27
0
0
0
18
0
20
19
0
0
0
0
0
0
20
0
27
0
0
0
18
0
0
19
129
0
0
0
18
0
20
19
27
0
0
0
18
0
20
19
0
0
0
0
0
0
118
0
27
0
0
0
18
0
0
19
27
0
0
0
18
0
20
19
27
0
0
0
18
0
20
19
0
0
0
0
0
0
20
0
27
0
0
0
18
0
0
19
27
0
0
0
18
0
20
19
27
0
0
0
18
0
20
19
0
31
0
0
0
0
20
0
27
0
0
0
18
0
0
19
27
0
0
0
18
0
20
19
27
0
0
0
18
0
20
19
0
0
0
98
0
0
20
0
27
0
0
0
18
0
0
19
27
0
0
0
18
0
20
19
27
0
0
0
18
0
20
19
0
0
0
0
0
0
20
0
27
0
0
0
18
0
0
19
27
66
0
0
18
0
20
19
27
0
0
0
18
0
20
19
0
0
0
0
0
0
20
0
27
0
0
0
18
0
104
19
27
0
0
0
18
0
20
19
27
0
0
0
18
0
20
19
0
0
0
0
0
0
20
0
27
0
0
0
18
0
114
19
27
0
0
0
18
0
20
19
27
0
0
0
18
0
20
19
0
0
0
0
0
0
20
0
27
0
0
0
18
0
0
19
27
0
0
0
18
30
20
19
27
0
0
0
18
0
20
19
0
0
0
0
0
0
20
0
27
103
0
0
18
0
0
19
27
0
0
0
18
0
20
19
27
0
0
0
18
0
20
19
0
0
0
0
0
0
20
0
27
0
0
0
18
0
0
19
27
0
0
0
18
37
20
19
27
0
0
0
18
0
20
19
0
0
0
0
0
0
20
0
27
0
0
0
18
0
0
19
27
0
0
0
18
70
20
19
27
0
0
0
18
0
20
19
0
0
0
0
0
0
20
0
27
0
0
0
18
0
0
19
27
0
0
0
18
83
20
19
27
0
0
0
18
0
20
19
0
0
0
0
0
0
20
0
27
0
0
0
18
0
0
19
27
0
0
0
18
0
20
19
27
113
0
0
18
0
20
19
0
0
0
0
0
104
20
0
27
0
0
0
18
0
0
19
27
0
0
0
18
0
20
19
27
0
0
0
18
162
0
19
0
0
0
0
0
0
0
0
27
0
0
0
18
0
0
19
27
0
0
0
18
0
0
19
27
0
0
0
18
123
20
19
0
0
0
0
0
0
20
0
27
0
0
0
18
0
0
19
27
0
0
0
18
0
20
19
27
0
0
0
18
0
20
19
117
0
0
0
0
0
20
0
27
0
0
0
18
0
0
19
27
0
0
0
18
0
20
19
27
0
0
0
18
0
20
19
0
0
0
0
0
0
20
0
27
0
0
99
18
0
0
19
27
0
0
0
18
0
20
19
27
0
0
0
18
0
20
19
0
0
0
0
0
0
20
0
27
0
0
0
18
0
0
19
27
0
0
0
18
0
20
19
27
0
0
137
18
0
160
19
0
0
0
0
0
0
20
0
27
0
0
0
18
0
0
19
27
0
0
0
18
0
20
19
27
0
0
0
18
0
20
19
0
0
0
0
0
0
20
0
27
0
0
0
18
0
0
19
27
0
0
0
18
0
20
19
27
126
0
0
18
0
20
19
0
0
0
0
0
0
20
0
27
0
0
0
18
0
0
19
27
0
0
0
18
138
20
19
27
0
0
0
