0
6
1
8
0
29
0
0
0
0
29
6
1
8
0
0
6
1
33
0
29
0
0
0
0
29
6
1
8
0
0
6
1
38
0
29
0
0
0
0
29
6
1
8
0
0
6
1
63
0
29
0
0
0
0
29
6
1
8
0
0
6
1
81
0
29
0
0
0
0
29
6
1
8
0
0
6
1
99
0
29
0
0
0
0
29
6
1
8
0
0
6
1
125
0
29
0
0
0
0
29
6
1
8
0
0
6
1
149
0
29
0
0
0
0
29
6
1
8
0
0
6
1
163
0
29
0
0
0
0
29
6
1
8
0
0
6
1
172
0
29
0
0
0
0
29
6
1
8
0
0
6
1
190
0
29
0
0
0
0
29
6
1
8
0
0
6
1
0
0
29
170
0
0
0
29
6
1
0
0
0
6
1
8
0
29
0
0
0
0
29
6
1
8
0
0
6
1
8
0
29
0
0
0
0
29
11
1
8
0
0
41
1
8
0
29
0
0
0
0
29
6
1
8
0
0
6
1
8
0
29
0
0
0
0
29
75
1
8
0
0
115
1
8
0
29
0
0
0
0
29
6
1
8
0
0
6
1
8
0
29
134
0
0
0
29
6
1
8
0
0
6
1
8
0
29
0
0
0
0
29
163
1
8
0
170
0
1
8
0
29
0
0
0
0
29
0
1
8
0
0
6
1
8
191
0
0
0
0
0
0
6
1
8
0
0
6
1
8
0
29
0
0
0
0
29
6
1
8
0
0
6
1
8
33
29
0
0
0
0
29
6
1
8
0
0
6
1
8
0
29
0
0
0
0
29
6
1
8
0
0
6
1
8
0
59
0
0
0
0
29
6
1
8
0
69
6
1
8
0
29
0
0
0
0
29
6
1
8
0
0
6
1
8
39
29
0
0
0
0
29
6
1
8
0
0
6
1
8
48
29
0
0
0
0
29
6
1
8
0
0
6
1
8
76
29
0
0
0
0
29
6
1
8
0
101
6
1
8
0
29
0
0
0
0
29
6
1
8
0
0
6
1
8
0
136
0
0
0
0
29
6
1
8
0
121
6
1
8
0
29
0
0
0
0
29
6
1
8
0
0
6
1
8
105
29
0
0
0
0
29
6
1
8
0
0
6
1
8
107
29
0
0
0
0
29
6
1
8
0
0
6
1
8
122
29
0
0
0
0
29
6
1
8
0
0
6
0
8
0
29
0
0
0
0
192
6
0
8
0
0
6
1
8
0
29
0
0
0
0
29
6
1
8
0
0
6
41
8
0
29
0
0
0
0
29
6
1
8
0
0
6
1
8
152
29
0
0
0
0
29
6
1
8
0
0
6
61
8
0
29
0
0
0
0
29
6
1
8
0
0
6
84
8
0
29
0
0
0
0
29
6
1
8
0
0
6
1
8
0
29
0
121
0
0
29
6
1
8
0
0
6
1
8
0
29
0
131
0
0
29
6
1
8
0
0
6
160
8
0
29
0
0
0
0
29
6
1
8
0
0
6
178
8
0
29
0
0
0
0
29
6
1
8
0
0
6
1
8
171
29
0
0
0
0
29
6
1
8
0
0
6
1
8
0
29
0
0
0
0
29
6
193
8
0
