0
2
0
19
0
0
0
2
0
46
0
0
0
2
0
86
0
0
0
2
0
97
0
0
0
2
0
134
0
0
119
2
0
19
0
0
125
2
0
19
0
0
0
2
0
166
0
0
0
2
0
197
0
0
0
2
0
236
0
0
245
2
0
19
0
0
0
2
0
269
0
0
0
2
0
288
0
0
283
2
0
19
0
0
0
2
0
303
0
0
0
2
0
332
0
0
0
444
0
0
0
0
0
2
0
370
0
0
0
2
0
19
0
0
0
2
0
19
4
0
0
2
0
19
14
0
0
2
0
19
29
0
0
65
0
19
0
0
0
2
0
382
0
0
0
71
0
19
0
0
0
2
0
19
78
0
399
2
0
19
0
0
0
2
0
19
99
0
435
2
0
19
0
0
441
2
0
19
0
0
0
2
0
19
126
0
0
2
0
19
157
0
0
0
0
19
0
425
0
2
0
19
0
0
0
2
39
19
0
0
0
2
0
461
0
0
0
2
61
19
0
0
0
2
97
19
0
0
0
2
0
19
0
126
0
2
0
19
0
133
0
2
173
19
0
0
0
2
179
19
0
0
0
2
188
19
0
0
0
2
217
19
0
0
0
2
222
19
0
0
0
2
0
19
0
246
0
2
277
19
0
0
0
2
0
19
0
297
0
2
0
19
0
331
0
2
371
19
0
0
0
2
0
19
0
388
0
2
0
19
0
409
0
162
0
19
0
0
0
2
0
19
179
0
0
204
0
19
0
0
0
2
0
19
0
426
0
2
0
19
240
0
0
2
0
19
275
0
0
297
0
19
0
0
0
2
0
19
311
0
0
348
0
19
0
0
0
381
0
19
0
0
0
413
0
19
0
0
