0
0
259
0
0
78
0
65
0
0
0
40
0
0
0
111
0
0
0
5
286
0
0
210
0
0
0
0
0
1
210
399
0
0
418
210
0
0
178
0
0
0
0
0
147
0
147
116
0
0
426
0
0
0
0
0
0
0
0
0
0
0
0
0
0
0
0
120
206
0
0
0
0
0
0
0
0
26
200
200
0
0
0
0
0
0
0
463
9
5
0
40
0
0
0
40
271
362
0
271
0
0
0
0
0
28
0
378
0
61
0
28
0
0
200
0
0
0
0
1
0
105
0
105
0
0
0
0
225
0
0
0
0
5
0
0
334
0
0
0
225
0
0
225
210
0
178
0
210
0
0
159
0
0
0
0
0
0
0
0
340
0
244
0
0
338
0
0
200
0
200
0
0
0
0
0
0
0
0
0
213
0
0
0
0
5
210
6
0
0
0
0
0
6
0
0
38
0
0
120
0
0
0
0
0
6
0
316
0
0
0
5
0
0
0
0
0
0
0
427
0
0
0
0
0
398
0
0
338
0
0
338
0
0
423
0
0
0
0
0
0
0
0
105
0
0
0
0
0
0
0
0
360
0
0
0
0
5
0
0
0
28
413
0
0
0
0
357
0
5
271
0
0
75
0
0
0
0
0
0
393
0
389
0
0
0
0
0
0
105
0
0
0
390
200
0
0
0
376
5
0
40
0
0
9
0
0
0
0
381
0
0
0
0
0
338
0
0
3
0
0
0
440
0
0
0
178
0
0
78
0
6
0
0
0
0
272
0
200
0
0
0
180
180
0
0
0
0
200
0
0
0
424
0
0
0
0
0
0
430
0
120
0
0
0
430
0
399
0
0
440
0
0
431
0
0
0
0
