0
0
0
12
0
0
0
16
2
10
12
21
12
0
16
2
10
0
21
12
0
16
2
10
12
21
12
0
0
0
0
12
0
0
0
16
2
10
12
21
12
0
16
2
10
0
21
12
0
16
2
10
12
21
12
17
0
0
0
12
0
0
0
16
2
10
12
21
12
0
16
2
10
0
21
12
0
16
2
10
12
21
12
37
0
0
0
12
0
0
0
16
2
10
12
21
0
233
16
2
10
0
21
0
0
16
2
10
12
21
0
0
0
0
0
12
0
0
0
16
2
10
12
21
12
0
16
2
10
0
21
12
0
16
2
10
12
21
12
0
0
0
0
12
0
34
0
16
2
10
12
21
12
0
16
2
10
0
21
12
0
16
2
10
12
21
12
0
0
0
0
12
0
0
0
16
2
10
12
21
12
66
16
2
10
0
21
12
0
16
2
10
12
21
12
0
0
0
0
12
0
0
0
16
2
10
12
21
79
0
16
2
10
0
21
12
0
16
2
10
12
21
12
0
0
0
0
12
0
0
0
16
2
10
12
21
12
0
16
2
10
0
21
12
75
16
2
10
12
21
12
0
0
0
0
12
0
0
0
16
2
10
12
21
12
0
16
2
10
0
21
12
0
16
2
10
12
21
12
0
0
0
0
12
0
102
0
16
2
10
12
21
12
0
16
2
10
0
21
12
0
16
2
10
12
21
12
0
0
0
0
12
0
0
0
16
2
10
12
21
12
0
16
2
10
0
21
12
0
16
2
10
12
51
12
0
0
0
0
12
0
0
0
16
2
10
12
21
12
0
16
2
10
0
68
12
0
16
2
10
12
21
12
0
0
0
0
12
0
0
0
16
2
10
12
105
12
0
16
2
10
0
21
12
0
16
2
10
12
21
12
0
0
0
0
12
0
133
0
16
2
10
12
21
12
0
16
2
10
0
21
12
0
16
2
10
12
21
12
0
0
0
0
12
0
0
0
16
2
10
12
21
12
0
16
2
10
0
123
12
0
16
2
10
12
21
12
0
0
0
0
12
0
0
0
16
2
10
12
21
169
0
16
2
10
0
21
12
0
16
2
10
12
21
12
0
0
0
0
12
0
0
0
16
2
10
12
21
12
0
16
2
10
0
21
12
0
16
2
10
12
134
12
0
0
0
0
12
127
0
0
16
2
10
12
21
12
0
16
2
10
0
21
12
0
16
2
10
12
21
12
0
0
0
0
12
162
0
0
16
2
10
12
21
12
0
16
2
10
0
21
12
0
16
2
10
12
21
12
0
0
0
0
12
0
0
0
16
2
10
12
21
12
0
16
2
10
0
21
12
0
16
2
10
12
21
12
0
2
0
0
12
0
0
0
16
2
10
12
21
12
0
16
2
10
0
21
12
0
16
2
10
12
21
12
0
0
0
0
12
0
0
0
0
2
10
218
21
12
0
0
2
10
0
21
12
0
0
2
10
12
21
12
0
0
0
0
12
0
0
0
16
2
10
12
21
12
0
16
2
10
0
21
12
0
16
2
10
12
21
12
0
0
0
0
12
0
0
0
16
2
10
20
21
12
0
16
2
10
0
21
12
0
16
2
10
12
21
12
0
0
0
0
12
0
0
0
16
2
10
44
21
12
0
16
2
10
0
21
12
0
16
2
10
12
21
12
0
0
0
0
12
0
164
0
16
2
10
12
21
12
0
16
2
10
0
21
12
0
16
2
10
12
21
12
0
0
0
0
65
0
0
0
16
2
10
12
21
12
0
16
2
10
0
21
12
0
16
2
10
12
21
12
0
0
0
0
12
0
0
0
16
2
10
12
21
12
0
16
2
10
0
21
12
87
16
2
10
12
21
12
0
0
0
0
12
0
0
0
16
2
10
12
21
12
0
56
2
10
0
21
12
0
16
2
10
12
21
12
0
0
0
0
12
0
0
0
96
2
10
12
21
12
0
16
2
10
0
21
12
0
16
2
10
12
21
12
0
93
0
0
12
0
0
0
16
2
10
12
21
12
0
16
2
10
0
21
12
0
16
2
10
12
21
12
0
0
0
0
12
0
0
0
16
2
10
12
21
12
122
16
2
10
0
21
12
0
16
2
10
12
21
12
0
128
0
0
12
0
0
0
16
2
10
12
21
12
0
16
2
10
0
21
12
0
16
2
10
12
21
12
0
0
0
0
12
0
0
0
16
2
10
12
21
12
0
16
2
10
0
21
12
0
182
2
10
12
21
12
0
176
0
0
12
0
0
0
16
2
10
12
21
12
0
16
2
10
0
21
12
0
16
2
10
12
21
12
0
0
0
0
12
0
0
0
16
2
10
12
21
12
0
16
2
10
0
21
12
0
16
2
10
96
21
12
0
0
0
0
12
201
0
0
16
2
10
12
21
12
0
16
2
10
0
21
12
0
16
2
10
12
21
12
0
0
0
0
12
0
0
134
16
2
10
12
21
12
0
16
2
10
0
21
12
0
16
2
10
12
21
12
0
0
0
0
12
0
0
156
16
2
10
12
21
12
0
16
2
10
0
21
12
0
16
2
10
12
21
12
0
0
0
0
12
0
0
0
16
2
10
129
21
12
0
16
2
10
0
21
12
0
16
2
10
12
21
12
0
0
0
0
12
0
0
0
16
2
10
147
21
12
0
16
2
10
0
21
12
0
16
2
10
12
21
12
0
0
0
0
12
0
0
0
16
2
10
12
21
12
0
16
2
10
0
21
12
0
16
2
10
156
21
12
0
0
0
0
12
0
0
0
16
2
10
12
21
12
0
16
2
10
0
21
12
0
16
2
10
12
21
12
0
0
200
0
12
0
0
0
16
2
0
12
21
12
0
16
2
0
0
21
12
0
16
2
0
12
21
12
0
0
0
0
12
0
0
0
16
2
10
12
21
12
0
16
2
10
0
21
12
0
16
2
10
12
21
12
171
0
0
0
12
0
0
0
16
2
10
12
21
12
0
16
2
10
0
21
12
0
16
2
10
12
21
12
0
0
0
0
12
0
0
0
16
33
10
12
21
12
0
16
2
10
0
21
12
0
16
2
10
12
21
12
0
0
0
0
12
0
0
192
16
0
10
12
21
12
0
16
0
10
0
21
12
0
16
0
10
12
21
12
0
0
0
0
12
0
0
0
16
2
10
12
21
12
0
16
2
10
0
21
12
0
16
69
10
12
21
12
0
0
0
0
12
0
0
0
16
2
10
12
21
12
0
16
2
10
0
21
12
0
16
2
32
12
21
12
0
0
0
0
12
0
0
0
16
2
10
12
21
12
0
16
2
10
0
21
12
0
16
82
10
12
21
12
0
0
0
0
12
0
0
0
16
2
71
12
21
12
0
16
2
10
0
21
12
0
16
2
10
12
21
12
0
0
0
95
12
0
0
0
16
2
10
12
21
12
0
16
2
10
0
21
12
0
16
2
10
12
21
12
0
0
0
100
12
0
0
0
16
2
10
12
21
12
0
16
2
10
0
21
12
0
16
2
10
12
21
12
0
0
0
0
12
0
0
0
16
2
10
12
21
12
0
16
2
10
0
21
12
0
16
2
10
186
21
12
0
0
0
0
12
0
0
0
16
2
144
12
21
12
0
16
2
10
0
21
12
0
16
2
10
12
21
12
0
0
0
202
0
0
0
0
16
2
10
0
21
12
0
16
2
10
0
21
12
0
16
2
10
0
21
12
0
0
0
0
12
0
0
0
16
2
152
12
21
12
0
16
2
10
0
21
12
0
16
2
10
12
21
12
0
0
0
0
12
0
0
0
16
122
10
12
21
12
0
16
2
10
0
21
12
0
16
2
10
12
21
12
0
0
0
0
12
0
0
0
16
2
10
12
21
12
0
16
2
10
0
21
12
0
16
141
10
12
21
12
0
0
0
0
12
0
0
0
16
2
10
12
21
12
0
16
2
10
0
21
12
0
16
2
10
12
21
12
172
0
142
0
12
0
0
0
16
2
10
12
21
12
0
16
2
10
0
21
12
0
16
2
10
12
21
12
0
0
0
0
12
0
174
0
16
2
10
12
21
12
0
16
2
10
0
21
12
0
16
2
10
12
21
12
0
0
0
0
12
0
0
0
16
2
10
12
21
12
0
16
2
10
0
21
12
0
16
2
183
12
21
12
0
0
0
0
12
0
0
0
16
2
10
12
21
12
0
16
175
10
0
21
12
0
16
2
10
12
21
12
0
0
183
0
12
0
0
0
16
2
10
12
21
12
0
16
2
10
0
21
12
0
16
2
10
12
21
12
0
0
194
0
12
0
0
0
16
2
10
12
21
12
0
16
2
10
0
21
12
0
16
2
10
12
21
12
0
0
0
0
12
0
0
0
16
2
10
12
0
12
0
16
2
10
0
0
223
0
16
2
10
12
0
12
0
