4
3
0
0
0
4
0
0
0
3
0
3
0
0
3
4
3
0
0
0
4
0
0
0
3
0
3
0
0
3
4
3
0
0
0
4
0
0
0
3
4
3
0
0
3
4
3
0
0
0
12
0
0
0
3
0
3
0
0
3
0
3
0
0
0
0
0
0
0
3
0
3
21
0
3
4
3
0
0
0
4
0
0
0
3
0
3
0
2
3
4
3
0
0
0
4
0
0
0
3
0
3
0
0
3
4
3
8
0
0
4
0
0
0
3
0
3
0
0
3
4
0
0
0
0
4
0
0
0
3
20
0
0
0
3
4
3
0
0
0
4
0
0
0
3
0
3
0
0
3
4
3
0
0
0
4
0
0
0
0
0
23
0
0
0
4
3
0
9
0
4
0
0
0
3
0
3
0
0
3
4
3
0
0
0
4
0
0
0
3
0
3
0
16
3
4
3
0
0
0
4
0
0
0
3
0
13
0
0
3
4
3
0
0
0
4
0
0
0
3
0
3
0
0
3
4
3
0
0
0
4
0
0
0
3
0
3
0
0
11
4
3
0
0
0
4
0
0
0
3
0
3
0
0
17
4
3
0
0
0
4
0
0
17
3
0
3
0
0
3
4
3
0
0
0
4
0
0
0
3
0
3
17
0
3
4
3
0
0
0
4
0
0
0
3
0
19
0
0
3
