0
5
0
0
0
0
8
0
0
20
0
0
8
5
0
0
0
0
0
5
0
0
0
0
8
0
0
0
0
1
8
5
0
0
0
1
0
5
0
0
0
0
8
0
0
0
0
1
8
5
0
0
0
1
0
0
0
0
0
0
8
0
0
0
0
1
8
0
0
0
24
1
0
5
0
0
0
0
8
0
0
0
0
1
8
5
0
0
0
1
0
5
0
0
0
0
0
0
0
0
0
1
0
32
0
0
0
1
0
5
0
0
0
0
8
0
0
0
0
1
8
5
0
0
0
1
0
5
0
0
0
0
8
0
0
0
0
1
8
5
0
0
0
1
0
5
0
0
0
0
8
21
0
0
0
1
8
5
0
0
0
1
0
5
0
0
0
0
8
0
0
0
0
1
8
5
0
0
0
1
