0
39
74
0
0
0
0
0
39
0
43
23
5
0
0
0
74
114
23
5
0
0
39
74
114
23
5
0
0
39
74
0
0
0
0
0
39
0
43
23
5
0
0
0
74
114
23
5
12
0
39
74
114
23
5
0
0
39
74
0
0
0
0
0
39
0
43
23
5
0
0
0
74
114
23
5
0
0
39
74
114
23
5
0
0
39
74
0
0
0
27
0
39
0
43
23
5
0
0
0
74
114
23
5
0
0
39
74
114
23
5
0
0
39
74
0
0
0
0
0
39
0
43
23
5
0
0
0
74
114
23
5
0
0
39
74
114
23
71
0
0
39
74
0
0
0
0
0
39
0
43
23
5
0
0
0
74
114
23
5
0
0
39
74
114
23
125
0
0
39
74
0
0
0
0
0
39
0
43
23
5
0
0
0
74
114
23
5
0
0
39
74
114
23
5
0
0
39
74
0
0
0
0
0
39
0
81
23
5
0
0
0
74
114
23
5
0
0
39
74
114
23
5
0
0
39
74
0
0
132
0
0
39
0
43
23
5
0
0
0
74
114
23
5
0
0
39
74
114
23
5
0
0
39
74
0
0
0
0
0
39
0
43
23
5
0
0
0
74
114
23
5
0
0
39
74
114
23
159
0
0
39
74
0
0
0
0
0
39
0
43
23
5
0
0
0
74
114
23
190
0
0
39
74
114
23
5
0
0
39
74
0
0
0
0
0
39
0
43
23
5
74
0
0
74
114
23
5
0
0
39
74
114
23
5
0
0
39
74
0
0
205
0
0
39
0
43
23
5
0
0
0
74
114
23
5
0
0
39
74
114
23
5
0
0
39
74
0
0
0
0
0
39
0
43
23
5
132
0
0
74
114
23
5
0
0
39
74
114
23
5
0
0
39
74
0
0
0
208
0
39
0
43
23
5
0
0
0
74
114
23
5
0
0
39
74
114
23
5
0
0
39
74
0
0
0
0
0
39
0
43
23
5
0
0
0
74
114
23
276
0
0
39
74
114
23
5
0
0
39
74
0
0
0
0
0
39
0
125
23
5
0
0
0
74
114
23
5
0
0
39
74
114
23
5
0
0
39
74
156
0
0
0
0
39
0
43
23
5
0
0
0
74
114
23
5
0
0
39
74
114
23
5
0
0
39
74
201
0
0
0
0
39
0
43
23
5
0
0
0
74
114
23
5
0
0
39
74
114
23
5
0
0
39
74
0
0
0
0
0
39
0
208
23
5
0
0
0
74
114
23
5
0
0
39
74
114
23
5
0
0
39
74
0
0
0
0
0
39
0
0
23
5
0
0
0
74
0
23
5
0
456
39
74
0
23
5
0
0
39
74
0
0
0
276
0
39
0
43
23
5
0
0
0
74
114
23
5
0
0
39
74
114
23
5
0
0
39
74
0
0
0
0
0
39
0
43
23
5
0
0
0
74
114
23
5
0
0
39
74
114
23
5
0
0
39
74
0
0
0
0
0
39
0
43
23
5
0
0
0
74
114
23
5
0
0
39
74
114
23
5
337
38
39
74
0
0
0
0
0
39
0
43
23
5
0
0
0
74
114
23
5
0
0
39
74
114
23
5
0
68
39
74
0
0
0
0
0
39
0
43
23
5
0
0
0
74
114
23
5
0
0
39
74
114
23
5
0
0
39
74
0
0
0
0
0
39
0
43
23
5
351
0
0
74
114
23
5
0
0
39
74
114
23
5
0
0
39
74
0
0
310
0
0
39
0
43
23
5
0
0
0
74
114
23
5
0
0
39
74
114
23
5
0
0
39
74
0
0
0
0
79
39
0
43
23
5
0
0
0
74
114
23
5
0
0
39
74
114
23
5
0
152
39
74
0
0
0
0
0
39
0
43
23
5
0
0
0
74
114
23
5
0
0
39
74
114
23
5
0
0
39
74
0
0
0
0
0
39
0
43
23
5
0
0
0
74
114
23
5
0
218
39
74
114
23
5
0
0
39
74
0
0
0
0
0
39
0
43
23
5
0
258
0
74
114
23
5
0
0
39
74
114
23
5
0
0
39
74
0
0
0
0
0
39
0
43
23
5
0
0
0
74
114
23
5
0
324
39
74
114
23
5
0
0
39
74
0
0
314
0
0
39
0
43
23
5
0
0
0
74
114
23
5
0
0
39
74
114
23
5
0
0
39
74
0
0
0
0
0
39
0
43
23
5
0
392
0
74
114
23
5
0
0
39
74
114
23
5
0
0
39
74
0
0
0
0
0
39
0
43
23
5
0
0
0
74
114
23
5
0
0
39
74
114
23
5
358
0
39
74
0
0
0
0
0
39
0
43
23
5
0
0
0
74
114
23
5
0
0
39
74
114
23
5
0
0
39
74
0
0
0
0
0
39
0
43
23
5
0
0
0
74
114
23
5
0
0
39
74
114
23
396
0
0
39
74
0
0
449
0
0
39
0
43
23
5
0
0
0
74
114
23
5
0
0
39
74
114
23
5
0
0
39
74
0
0
0
0
0
39
78
43
23
5
0
0
0
74
114
23
5
0
0
39
74
114
23
5
0
0
39
74
0
0
0
0
0
39
0
43
23
0
0
0
0
492
114
23
0
0
0
39
74
114
23
0
0
0
39
74
0
0
0
0
0
39
0
43
23
5
0
0
0
74
114
23
5
0
0
39
185
114
23
5
0
452
39
74
0
0
0
0
0
39
0
43
23
5
0
0
0
74
114
23
5
0
0
39
74
114
23
5
0
0
39
74
0
0
0
0
0
39
0
43
23
5
0
0
0
238
114
23
5
0
0
39
74
114
23
5
0
0
39
74
0
0
0
0
0
39
0
43
23
5
0
0
0
74
114
23
5
0
0
39
74
114
23
5
0
0
39
74
0
0
0
0
0
39
0
43
23
5
0
0
0
74
114
23
5
0
0
39
74
114
98
5
0
0
39
74
0
0
0
0
0
39
0
43
115
5
0
0
0
74
114
23
5
0
0
39
74
114
23
5
0
0
39
74
0
0
0
0
0
39
0
43
0
5
0
0
0
74
550
0
5
0
0
39
74
114
0
5
0
0
39
74
0
0
0
0
0
39
0
43
23
472
0
0
0
74
114
23
5
0
0
39
74
114
23
5
0
0
39
74
0
0
0
0
0
39
0
43
149
5
0
0
0
74
114
23
5
0
0
39
74
114
23
5
0
0
39
74
0
0
0
0
0
39
0
43
23
5
0
0
0
74
114
23
477
0
0
39
74
114
23
5
0
0
39
74
0
0
0
0
0
39
0
43
23
5
0
0
0
74
43
23
5
0
0
39
74
43
23
489
0
0
39
74
0
0
0
0
0
39
0
268
23
5
0
0
0
74
114
23
5
0
0
39
74
114
23
5
0
0
39
74
0
0
0
0
0
39
0
43
23
5
0
0
0
74
114
23
5
0
0
39
74
353
23
5
0
0
39
74
0
0
0
0
0
39
0
43
23
5
0
0
0
74
114
197
5
0
0
39
74
114
23
5
0
0
39
74
0
0
0
0
0
39
227
43
23
5
0
0
0
74
114
23
5
0
0
39
74
114
23
5
0
0
39
74
0
0
0
0
0
39
0
43
23
5
0
0
0
74
114
23
5
0
0
39
74
114
23
5
442
0
39
0
0
0
0
0
0
39
0
43
23
5
505
0
0
0
114
23
5
0
0
39
0
114
23
5
0
0
39
74
0
0
0
0
0
39
0
43
23
5
0
0
0
74
114
23
5
0
0
39
74
114
23
5
0
0
39
74
0
0
0
0
0
39
0
43
23
5
0
0
0
74
114
23
5
0
0
39
74
114
211
5
0
0
39
74
0
196
0
0
0
39
0
43
23
5
0
0
0
74
114
23
5
0
0
39
74
114
23
5
0
0
39
74
0
220
0
0
0
39
0
43
23
5
0
0
0
74
114
23
5
0
0
39
74
114
23
5
0
0
39
74
0
0
0
0
0
39
0
43
333
5
0
0
0
74
114
23
5
0
0
39
74
114
23
5
0
0
39
74
0
326
0
0
0
39
0
43
23
5
0
0
0
74
114
23
5
0
0
39
74
114
23
5
0
0
39
74
0
0
0
0
0
39
0
43
23
5
0
0
0
74
114
439
5
0
0
39
74
114
23
5
0
0
85
74
0
0
0
0
0
39
0
43
23
5
0
0
0
74
114
23
5
0
0
39
74
114
23
5
0
0
39
74
0
0
0
0
0
39
0
43
23
5
0
0
0
74
114
23
5
0
0
112
74
114
23
5
0
0
191
74
0
0
0
0
0
39
0
43
23
5
0
0
0
74
114
23
5
0
0
39
74
114
23
5
0
0
237
74
0
0
0
0
0
39
0
43
23
5
0
0
0
74
114
23
5
0
0
39
74
114
23
5
0
0
39
74
0
456
0
0
0
39
0
43
23
5
0
0
0
74
114
23
5
0
0
39
74
114
23
5
0
0
257
74
0
0
0
0
0
39
0
43
23
5
0
0
0
74
114
23
5
0
0
39
74
114
23
5
0
0
39
74
0
0
0
0
0
39
0
43
23
5
0
0
221
74
114
23
5
0
0
39
74
114
23
5
0
0
39
379
0
0
0
0
0
39
0
43
23
5
0
0
0
74
114
23
5
0
0
39
74
114
23
5
0
0
39
74
0
0
0
0
0
39
0
43
23
5
0
0
0
74
114
23
5
0
0
39
74
114
23
5
443
0
39
74
0
0
0
0
0
39
0
43
23
5
0
0
286
74
114
23
5
0
0
39
74
114
23
5
0
0
340
74
0
0
0
0
0
39
0
43
23
5
0
0
0
74
114
23
5
0
0
39
74
114
23
5
0
0
39
74
0
0
0
0
0
39
0
43
23
5
0
0
0
74
114
23
5
0
0
39
407
114
23
5
0
0
39
74
0
0
0
0
0
418
0
43
23
5
0
0
0
74
114
23
5
0
0
39
74
114
23
5
0
0
39
74
0
0
0
0
0
39
0
43
23
5
0
0
0
74
114
23
5
0
0
461
74
114
23
5
0
0
39
74
0
0
0
0
0
39
0
43
23
5
0
0
0
74
114
23
5
0
0
465
74
114
23
5
0
0
0
74
0
0
0
0
0
0
0
43
23
5
0
0
0
74
114
23
5
0
0
0
74
114
23
5
452
0
39
74
0
0
0
0
0
39
0
351
23
5
0
0
0
74
114
23
5
0
0
39
74
114
23
5
0
