0
0
0
0
37
0
15
0
0
0
37
0
50
0
0
0
0
0
0
22
0
0
37
0
15
0
0
0
37
0
50
0
0
0
0
0
0
109
0
0
37
0
15
0
0
0
37
0
50
0
0
0
0
0
0
0
0
0
37
0
15
205
0
0
37
0
50
0
0
0
0
0
0
0
0
0
37
0
0
0
0
0
37
0
0
0
0
645
0
0
0
187
0
0
37
0
15
0
0
0
37
0
50
0
0
0
0
0
0
0
0
0
37
0
15
0
0
0
37
0
50
0
0
0
0
0
0
0
40
0
37
0
15
0
0
0
37
0
50
0
0
0
0
0
0
0
0
0
37
0
15
0
0
0
37
0
50
0
0
0
0
0
123
0
0
0
37
0
15
0
0
0
37
0
50
0
0
0
0
0
0
0
0
0
37
0
15
0
0
0
37
0
50
0
0
0
0
0
0
259
0
0
37
0
15
0
0
0
37
0
50
0
0
0
0
0
681
0
0
0
37
0
15
0
1
0
37
0
50
0
0
0
0
0
0
0
0
0
37
0
185
0
0
0
37
0
50
0
0
0
0
0
0
0
0
0
37
0
15
0
0
0
37
0
50
0
66
0
0
0
0
0
114
0
37
0
15
0
0
0
37
0
50
0
0
0
0
0
0
0
0
0
37
0
15
0
0
0
37
0
50
380
0
0
0
0
210
0
0
0
37
0
15
0
0
0
37
0
50
0
0
0
0
0
0
0
0
0
37
0
15
0
0
0
37
0
243
0
0
0
0
0
0
0
0
0
37
0
15
0
0
0
37
0
50
0
0
0
0
0
0
0
0
0
37
0
15
0
0
0
37
0
291
0
0
0
0
0
307
0
0
0
37
0
15
0
0
0
37
0
50
0
0
0
0
0
0
0
0
0
37
0
319
0
0
0
37
0
50
0
0
0
0
0
426
0
0
0
37
0
15
0
0
0
37
0
50
0
0
0
0
0
0
0
0
0
37
0
15
0
160
0
37
0
50
0
0
0
0
0
0
0
0
81
37
0
15
0
0
0
37
0
50
0
0
0
0
0
0
0
0
154
37
0
15
0
0
0
37
0
50
0
0
0
0
0
0
0
0
218
37
0
15
0
0
0
37
0
50
0
0
0
0
0
0
0
0
0
37
0
15
0
0
301
37
0
50
0
0
0
0
0
0
0
0
379
37
0
15
0
0
0
37
0
50
0
0
0
0
0
0
0
0
0
37
0
15
0
0
0
37
0
449
0
0
0
0
0
0
0
0
0
37
0
15
0
0
0
37
0
50
0
0
0
0
7
0
0
0
0
37
0
15
0
0
0
37
0
50
0
198
0
0
0
0
372
0
0
37
0
15
0
0
0
37
0
50
0
0
0
0
0
0
0
0
0
37
0
15
0
0
0
37
0
50
429
0
0
0
0
0
0
251
0
37
0
15
0
0
0
37
0
50
0
0
0
0
0
0
0
0
0
37
0
15
0
0
0
37
0
50
468
0
0
0
0
468
0
0
0
37
0
15
0
0
0
37
0
50
0
0
0
0
0
0
0
0
0
37
0
473
0
0
0
37
0
50
0
0
0
0
0
500
0
0
0
37
0
15
0
0
0
37
0
50
0
0
0
0
0
0
0
0
0
37
0
527
0
0
0
37
0
50
0
0
0
0
0
0
0
0
0
37
0
15
0
0
0
37
0
588
0
0
0
0
0
0
0
306
0
37
0
15
0
0
0
37
0
50
0
0
0
0
0
0
0
0
0
37
0
15
0
0
0
37
0
50
0
0
405
0
0
0
0
0
448
37
0
15
0
0
0
37
0
50
0
0
0
0
0
0
0
0
0
37
0
15
0
0
0
37
0
50
499
0
0
0
0
0
0
0
0
37
0
15
0
0
0
37
0
50
0
0
471
0
0
0
0
0
0
37
0
15
0
0
489
37
0
50
0
0
0
0
0
0
0
0
0
37
0
15
0
0
0
37
0
50
0
0
0
0
70
0
0
0
0
37
0
15
0
0
0
37
0
50
0
396
0
0
0
0
536
0
0
37
0
15
0
0
0
37
0
50
0
0
0
0
0
0
590
0
0
37
0
15
0
0
0
37
0
50
0
0
0
0
0
0
0
0
0
37
0
15
0
0
0
37
0
50
0
444
0
0
0
0
0
0
0
37
0
15
0
0
0
37
0
50
0
518
0
0
0
0
0
0
0
37
0
15
0
0
0
37
0
50
0
0
501
0
0
0
0
0
0
37
148
15
0
0
0
37
0
50
0
0
0
0
0
0
0
0
0
37
205
15
0
0
0
37
0
50
0
0
0
0
0
0
0
0
0
37
0
15
0
0
0
37
224
50
0
0
0
0
0
0
0
0
0
37
269
15
0
0
0
37
0
50
0
0
0
0
0
0
0
0
0
37
0
15
0
0
0
37
0
50
0
0
0
0
305
0
0
0
0
37
0
15
0
0
0
37
0
50
0
0
0
0
0
0
0
0
0
37
0
15
0
0
0
37
0
50
0
0
0
0
334
0
0
0
505
37
0
15
0
0
0
37
0
50
0
0
0
0
0
0
641
0
0
37
0
15
0
0
0
37
0
50
0
0
0
0
0
0
0
0
530
37
0
15
0
0
0
37
0
50
0
0
0
0
0
0
0
0
545
37
0
15
0
0
0
37
0
50
0
0
0
0
0
0
0
0
0
37
360
15
0
0
0
37
0
50
0
0
0
0
0
0
0
0
0
37
0
15
0
0
0
37
0
50
0
529
0
0
0
0
0
572
0
37
0
15
0
0
0
37
0
50
0
0
0
0
0
0
0
0
0
37
0
15
0
0
0
113
0
50
0
0
0
0
0
0
0
0
0
37
0
15
0
0
0
37
0
50
0
0
0
159
0
0
0
0
0
37
0
15
0
0
0
246
0
50
0
0
0
0
0
0
0
0
0
37
0
15
0
0
0
37
0
50
716
0
0
0
0
0
0
0
0
37
0
15
0
0
0
37
368
50
0
0
0
0
0
0
0
0
0
37
0
15
0
0
0
37
0
50
0
0
0
278
0
0
0
0
0
37
0
15
0
0
0
37
0
50
0
0
0
0
379
0
0
0
0
37
0
15
0
0
0
37
0
50
0
0
0
316
0
0
0
0
0
37
0
15
0
0
0
37
0
50
0
0
0
0
442
0
0
0
0
37
0
15
0
0
0
37
0
50
0
0
0
384
0
0
0
0
0
37
0
15
0
0
0
37
0
50
0
0
0
0
526
0
0
0
615
37
0
15
0
0
0
37
0
50
0
0
0
0
0
0
0
0
658
37
0
15
0
0
0
37
0
50
0
0
0
0
0
0
0
0
0
37
0
15
0
0
0
37
0
50
0
0
707
0
0
0
0
0
0
37
0
15
0
0
0
37
665
15
0
0
0
0
0
0
0
0
0
37
0
15
0
0
0
37
0
50
0
0
0
0
579
0
0
0
0
37
0
15
0
0
0
37
0
50
0
0
0
424
0
0
0
0
0
0
0
15
0
0
0
0
0
50
0
682
0
0
0
0
0
607
0
37
0
15
0
0
0
37
0
50
0
0
0
0
0
0
0
0
0
37
0
15
0
0
0
514
0
50
0
0
0
0
0
0
0
0
0
37
0
15
0
0
0
535
0
50
0
0
0
0
0
0
0
0
0
37
0
15
0
0
0
37
0
50
0
0
0
588
0
0
2
0
0
37
0
15
0
0
0
37
0
50
0
0
0
674
0
