0
0
0
8
0
0
0
0
12
24
0
8
10
0
0
21
12
24
0
8
10
0
0
21
2
24
0
0
10
0
0
21
0
0
0
8
0
0
0
0
12
24
0
8
10
0
0
21
12
24
0
8
10
0
0
21
2
24
0
0
10
0
0
21
0
0
0
8
0
78
0
0
12
24
0
8
10
0
0
0
12
24
0
8
10
0
0
0
2
24
0
0
10
0
0
0
0
0
0
8
0
16
0
0
12
24
0
8
10
0
0
21
12
24
0
8
10
0
0
21
2
24
0
0
10
0
0
21
0
0
0
8
0
0
0
0
12
24
0
8
10
0
0
21
12
24
0
8
10
0
0
21
2
24
0
0
10
0
0
21
0
0
0
8
0
0
0
19
12
24
0
8
10
0
0
21
12
24
0
8
10
0
0
21
2
24
0
0
10
0
0
21
0
0
0
8
0
0
0
0
12
24
0
8
13
0
0
21
12
24
0
8
10
0
0
21
2
24
0
0
10
0
0
21
0
0
0
8
0
0
0
0
12
24
0
8
10
0
0
21
12
24
0
8
10
0
0
21
2
24
0
0
10
0
0
21
0
0
0
8
0
0
0
0
12
24
0
8
10
0
0
21
12
24
0
8
10
0
0
21
2
24
0
0
10
0
0
55
0
0
0
8
0
0
0
0
12
24
0
8
10
0
0
21
12
24
0
8
49
0
0
21
2
24
0
0
10
0
0
21
0
0
0
8
0
51
0
0
12
24
0
8
10
0
0
21
12
24
0
8
10
0
0
21
2
24
0
0
10
0
0
21
0
0
0
8
41
0
0
0
12
24
0
8
10
0
0
21
12
24
0
8
10
0
0
21
2
24
0
0
10
0
0
21
0
0
0
8
51
0
0
0
12
24
0
8
10
0
0
21
12
24
0
8
10
0
0
21
2
24
0
0
10
0
0
21
0
0
0
8
0
0
15
0
12
24
0
8
10
0
0
21
12
24
0
8
10
0
0
21
2
24
0
0
10
0
0
21
0
0
0
8
65
0
0
0
12
24
0
8
10
0
0
21
12
24
0
8
10
0
0
21
2
24
0
0
10
0
0
21
0
0
0
0
65
0
0
0
12
24
0
0
10
0
0
21
12
24
0
0
10
0
0
21
2
24
0
0
10
0
0
21
0
0
0
8
0
0
0
36
12
24
0
8
10
0
0
21
12
24
0
8
10
0
0
21
2
24
0
0
10
0
0
21
0
0
0
8
0
0
0
0
12
24
0
8
10
0
0
21
12
24
0
8
10
0
0
21
2
24
0
0
10
0
0
21
0
0
0
8
0
0
0
0
12
24
0
8
10
0
0
21
12
24
0
32
10
0
0
21
2
24
0
0
10
0
0
21
0
0
0
8
0
0
0
0
12
24
0
8
10
0
0
21
12
24
0
8
10
0
0
21
2
24
0
62
10
0
0
21
0
0
0
8
0
0
0
37
12
24
0
8
10
0
0
21
12
24
0
8
10
0
0
21
2
24
0
0
10
0
0
21
0
0
0
8
0
0
34
0
12
24
0
8
10
0
0
21
12
24
0
8
10
0
0
21
2
24
0
0
10
0
0
21
0
0
0
8
0
0
0
0
12
24
0
8
10
0
0
21
12
24
0
8
10
0
0
21
2
24
0
0
10
0
0
21
0
0
0
8
0
0
59
0
0
24
0
8
10
0
0
21
0
24
0
8
10
0
0
21
0
24
0
0
10
0
0
21
0
0
0
8
0
0
0
0
12
24
0
8
10
0
0
21
21
24
0
8
10
0
0
21
2
24
0
0
10
0
0
21
0
0
0
8
0
0
0
0
12
24
0
8
10
0
0
21
12
24
0
8
10
0
0
21
22
24
0
0
10
0
0
21
32
0
0
8
0
0
0
0
12
24
0
8
10
0
0
21
12
24
0
8
10
0
0
21
2
24
0
0
10
0
0
21
0
0
0
8
0
0
0
67
12
24
0
8
10
0
0
21
12
24
0
8
10
0
0
21
2
24
0
0
10
0
0
21
77
0
0
8
0
0
0
0
12
24
0
8
0
0
0
21
12
24
0
8
0
0
0
21
2
24
0
0
0
0
0
21
43
0
0
8
0
0
0
0
12
24
0
8
10
0
0
21
12
24
0
8
10
0
0
21
2
24
0
0
10
0
0
21
53
0
0
8
0
0
0
0
12
24
0
8
10
0
0
21
12
24
0
8
10
0
0
21
2
24
0
0
10
0
0
21
0
0
0
8
0
0
0
68
12
24
0
8
10
0
0
21
12
24
0
8
10
0
0
21
2
24
0
0
10
0
0
21
0
0
0
8
0
0
0
0
12
24
0
8
10
0
0
21
12
24
0
8
10
0
0
21
2
24
0
0
10
0
0
21
0
0
0
8
0
0
0
0
12
24
0
8
10
0
0
21
12
24
0
8
10
0
0
21
2
24
11
0
10
0
0
21
0
0
0
8
0
54
0
0
12
24
0
8
10
0
0
21
12
24
0
8
10
0
0
21
2
24
0
0
10
0
0
21
0
0
0
8
0
0
0
69
12
24
0
8
10
0
0
21
12
24
0
8
10
0
0
21
2
24
0
0
10
0
0
21
0
0
0
74
0
0
0
0
12
24
0
8
10
0
0
21
12
24
0
8
10
0
0
21
2
24
0
0
10
0
0
21
0
0
67
8
0
0
0
0
2
24
0
8
10
0
0
21
2
24
0
8
10
0
0
21
2
24
0
0
10
0
0
21
0
0
25
8
0
0
0
0
12
24
0
8
10
0
0
21
12
24
0
8
10
0
0
21
2
24
0
0
10
0
0
21
0
0
0
8
0
0
0
81
12
0
0
8
10
0
0
21
12
0
0
8
10
0
0
21
2
0
0
0
10
0
0
21
0
0
0
8
0
0
0
0
12
24
0
8
10
0
0
21
12
24
0
8
10
0
0
21
2
24
0
0
10
0
0
21
0
0
33
8
0
0
0
0
12
24
0
8
10
0
0
21
12
24
0
8
10
0
0
21
2
24
0
0
10
0
0
21
0
0
0
8
0
0
0
0
12
24
0
8
10
0
0
21
12
24
0
8
10
0
0
21
2
24
0
0
10
0
41
21
0
0
0
8
0
0
0
70
12
24
0
8
10
0
0
21
12
24
0
8
10
0
0
21
2
24
0
0
10
0
0
21
0
0
0
8
0
0
0
0
12
24
0
8
10
0
0
21
12
30
0
8
10
0
0
21
2
24
0
0
10
0
0
21
0
0
0
8
0
0
0
0
12
24
0
8
10
0
0
21
12
24
0
8
10
0
0
21
2
24
0
0
10
0
55
21
0
37
0
8
0
0
0
0
12
24
0
8
10
0
0
21
12
24
0
8
10
0
0
21
2
24
0
0
10
0
0
21
0
60
0
8
0
0
0
0
12
24
0
8
10
0
0
21
12
24
0
8
10
0
0
21
2
24
0
0
10
0
0
21
0
0
0
8
0
0
0
0
12
24
0
8
10
0
86
21
12
24
0
8
10
0
0
21
2
24
0
0
10
0
0
21
