0
0
0
0
0
796
0
0
234
0
0
0
0
0
0
0
0
0
0
0
0
0
992
46
314
0
0
0
0
0
0
0
0
0
0
31
0
90
0
224
0
0
0
0
0
0
0
916
0
0
986
0
83
992
986
0
0
0
0
0
84
0
0
0
0
0
0
0
0
185
0
148
0
0
0
911
0
0
9
0
129
0
0
31
255
0
778
0
0
796
0
0
0
0
0
548
0
0
0
0
0
0
900
0
581
0
0
0
0
0
0
0
0
0
0
0
0
90
0
0
0
0
834
0
0
0
0
0
0
0
0
569
0
0
569
0
0
0
0
0
0
0
0
376
0
0
0
0
0
0
0
288
0
0
0
911
0
0
0
0
0
0
649
0
0
0
0
0
0
0
0
799
0
0
0
0
0
727
0
0
0
796
0
0
0
0
0
0
0
709
0
0
0
0
969
0
0
0
0
0
177
0
0
915
177
0
0
0
0
0
400
0
0
0
0
0
0
0
338
0
0
0
0
0
0
0
0
0
0
0
0
492
0
392
338
0
0
0
0
0
0
429
0
0
177
0
0
0
0
591
0
0
0
0
0
0
0
0
792
0
0
0
0
148
0
0
0
0
0
0
0
0
534
0
0
0
0
0
0
0
129
0
0
0
0
0
0
0
338
0
338
0
0
0
0
0
650
0
0
0
0
0
0
0
0
0
0
805
255
0
0
0
342
0
0
0
0
0
0
0
0
0
0
701
0
0
0
0
0
0
0
658
0
0
0
0
0
481
0
0
0
0
0
0
0
0
0
788
0
0
0
0
0
0
220
0
0
0
0
0
100
0
9
0
0
0
0
0
0
0
338
0
0
0
803
0
129
817
0
31
0
90
0
31
919
0
0
31
0
0
0
0
0
0
875
0
0
0
0
0
0
542
0
0
0
1
0
0
0
0
9
0
0
0
0
0
0
0
0
0
0
0
0
0
581
0
0
0
125
0
0
0
0
471
0
0
0
0
0
0
475
0
0
0
0
0
0
0
0
0
0
0
0
0
878
0
177
481
9
0
177
177
0
0
0
0
0
569
0
90
0
0
0
0
0
844
177
0
0
0
0
0
83
0
0
31
0
0
0
0
0
992
949
0
9
0
0
0
470
0
0
0
0
0
402
0
0
0
0
0
0
0
177
0
0
0
0
0
0
0
71
0
0
0
0
0
0
0
0
964
0
0
0
0
0
0
0
0
965
0
0
0
0
0
0
0
283
0
0
0
0
0
129
0
0
0
0
0
0
527
0
0
714
0
0
0
47
0
0
0
0
0
0
924
0
0
715
0
0
0
0
0
0
0
0
666
470
0
0
0
0
470
0
0
0
0
177
0
0
0
0
0
148
0
0
0
0
148
0
889
0
0
0
0
0
0
0
891
0
0
0
0
8
0
100
0
0
31
0
31
0
100
129
0
541
541
0
0
0
0
0
0
0
0
0
78
0
992
0
0
0
0
0
0
0
0
0
0
0
0
0
847
0
0
