0
0
0
0
64
0
46
3
0
51
0
0
64
0
46
3
0
131
0
0
64
0
46
3
0
160
0
0
64
0
46
3
0
0
0
0
64
215
46
3
0
279
0
0
64
0
46
3
0
355
0
0
64
0
46
3
0
427
0
0
64
0
46
3
0
0
0
0
64
443
46
3
0
452
0
0
64
0
46
3
0
0
0
0
64
461
46
3
0
0
0
0
64
486
46
3
0
0
0
0
64
507
46
3
0
511
0
0
64
0
46
3
0
0
0
0
64
580
46
3
0
584
0
0
64
0
46
3
0
0
0
0
64
625
46
3
0
0
0
0
64
0
46
3
90
0
0
0
64
0
46
3
178
0
0
0
64
0
46
3
0
654
0
0
64
0
46
3
0
719
0
0
64
0
46
3
182
0
0
0
64
0
46
3
251
0
0
0
64
0
46
3
0
0
0
0
402
0
46
3
0
0
0
0
419
0
46
3
0
0
0
0
479
0
46
3
0
0
0
0
549
0
46
3
547
0
0
0
64
0
46
3
582
0
0
0
64
0
46
3
619
0
0
0
64
0
46
3
0
0
0
0
725
0
46
3
736
0
0
0
64
0
46
3
0
725
0
0
64
0
46
3
0
756
0
0
64
0
46
3
0
0
0
0
842
0
46
3
0
0
0
0
64
803
46
3
0
0
0
0
64
0
46
3
0
0
0
0
890
0
46
3
0
0
65
0
64
0
46
3
0
0
125
0
64
0
46
3
0
0
212
0
64
0
46
3
0
0
255
0
64
0
46
3
865
0
0
0
64
0
46
3
0
0
316
0
64
0
46
3
0
0
379
0
64
0
46
3
0
0
408
0
64
0
46
3
0
0
483
0
64
0
46
3
0
0
555
0
64
0
46
3
0
0
628
0
64
0
46
3
0
0
718
0
64
0
46
3
0
0
797
0
64
0
46
3
0
948
0
0
64
0
0
3
876
0
0
0
64
0
46
3
0
807
0
0
64
0
46
3
0
817
0
0
64
0
46
3
0
0
0
0
64
0
46
3
0
0
0
0
64
876
46
3
0
0
0
966
0
0
46
3
0
0
0
22
64
0
46
3
0
0
0
89
64
0
46
3
0
0
0
139
64
0
46
3
0
0
0
177
64
0
46
3
0
0
0
248
64
0
46
3
0
0
0
321
64
0
46
3
0
0
871
0
64
0
46
3
0
0
0
378
64
0
46
3
0
0
0
406
64
0
46
3
0
0
0
411
64
0
46
3
0
0
0
466
64
0
46
3
0
0
0
487
64
0
46
3
0
884
0
0
64
0
46
3
0
0
0
565
64
0
46
3
0
0
0
589
64
0
46
3
0
0
0
650
64
0
46
3
0
0
0
728
64
0
46
3
0
0
0
804
64
0
46
3
0
0
0
806
64
0
46
3
0
0
905
0
64
0
46
0
0
0
0
879
64
0
46
3
0
0
0
907
64
0
46
3
0
0
0
919
64
0
46
3
0
0
0
927
64
0
46
3
