124
9
0
0
0
0
45
0
0
10
0
0
0
17
0
10
0
0
32
9
0
0
0
38
45
0
0
10
0
38
0
17
0
10
0
0
32
9
0
0
0
38
45
0
0
0
0
38
0
17
0
0
0
64
0
9
0
0
0
38
0
0
0
102
0
38
0
17
0
10
0
0
32
9
0
0
0
38
32
0
67
10
0
38
0
17
0
10
0
0
32
9
0
0
0
38
45
0
0
10
0
38
0
17
0
10
0
0
32
9
0
0
0
38
45
0
0
10
0
38
0
17
0
10
0
0
32
9
0
0
0
38
45
0
0
46
0
38
0
17
0
10
0
0
32
0
0
63
0
38
45
0
0
10
0
38
0
0
0
10
0
0
32
9
0
0
0
38
45
0
0
10
0
38
0
17
0
10
0
0
32
9
0
0
0
38
45
0
0
10
0
38
0
17
0
10
0
0
32
9
0
0
0
38
45
0
0
10
0
38
17
17
0
10
0
0
32
9
0
0
0
38
71
0
0
10
0
38
0
17
0
10
0
0
32
9
0
0
0
38
45
0
0
10
0
38
0
17
0
10
0
0
32
9
0
0
0
38
45
97
0
10
0
38
0
17
0
10
0
0
32
9
0
0
0
38
45
0
0
10
0
38
0
9
0
10
62
0
32
9
0
0
0
38
45
0
0
10
0
38
0
17
0
10
0
55
32
9
0
0
0
38
45
0
0
10
17
38
0
17
0
10
0
0
32
9
0
0
0
38
45
0
0
10
0
38
0
17
0
10
27
0
32
9
0
48
0
38
45
0
0
10
0
38
0
17
0
10
0
0
