0
0
0
11
0
81
0
163
0
224
0
284
0
325
0
397
0
448
0
530
0
556
0
589
0
649
0
738
0
825
0
872
0
940
0
976
0
979
0
1002
0
1069
0
1076
0
1151
0
1195
0
1239
0
1323
0
1363
0
1451
0
1512
0
1547
0
0
85
0
123
0
172
0
232
0
289
0
328
0
392
0
411
0
421
0
482
0
550
0
617
0
618
0
708
0
797
0
836
0
841
0
880
0
892
0
976
0
1031
0
1113
0
1154
0
1243
0
1284
0
1357
0
1384
0
1432
0
1488
0
1538
0
