14
0
25
0
95
0
602
0
542
0
501
0
429
0
378
0
296
0
270
0
237
0
177
0
0
8
663
0
1388
0
1320
0
1284
0
1281
0
1258
0
1191
0
0
1
1525
0
0
1071
0
1027
0
1528
0
987
0
899
0
838
0
801
0
714
0
629
0
591
0
542
0
482
0
425
0
386
0
322
0
303
0
293
0
232
0
164
0
97
1435
0
0
1115
0
1439
0
1400
0
1395
0
1356
0
1344
0
1260
0
1205
1109
0
1068
0
1436
0
1027
0
954
0
927
0
879
0
823
0
773
0
750
0
