0
14
9
0
0
0
56
0
9
14
9
28
0
0
0
0
9
0
9
28
0
0
0
0
9
14
0
28
0
0
0
0
0
14
9
0
0
0
0
53
9
14
9
28
19
0
0
0
9
0
9
28
19
0
0
0
9
14
0
28
19
0
0
0
0
14
9
0
0
0
0
0
9
14
9
28
19
0
0
0
9
0
9
28
35
0
0
0
9
14
0
28
35
0
0
0
0
14
9
0
0
0
0
0
9
14
9
28
19
0
0
0
9
0
9
28
35
0
0
0
9
14
0
28
35
0
0
0
0
14
9
0
37
0
0
0
9
14
9
28
19
0
0
0
9
0
9
28
35
0
0
0
9
14
0
28
35
0
0
0
0
14
9
0
0
0
22
0
9
14
9
28
19
0
0
0
9
0
9
28
35
0
0
0
9
14
0
28
35
0
0
0
0
14
9
0
0
0
0
0
9
14
9
28
19
0
0
0
9
0
9
28
35
0
0
0
9
14
0
28
35
0
0
0
0
14
9
0
46
0
0
0
9
14
9
28
19
0
0
0
9
0
9
28
35
0
0
0
9
14
0
28
35
0
0
0
0
14
9
0
85
0
0
0
9
14
9
0
19
0
0
0
9
0
9
0
35
0
0
0
9
14
0
0
35
0
0
0
0
14
9
27
0
0
0
0
74
14
9
27
19
0
0
0
9
0
9
27
35
0
0
0
9
14
0
27
35
0
0
0
0
14
9
0
0
0
0
0
9
14
9
28
19
0
0
0
9
0
9
28
35
0
0
0
9
14
0
28
35
0
0
0
0
14
9
8
0
0
0
0
9
14
9
28
19
0
0
0
9
0
9
28
35
0
0
0
9
14
0
28
35
0
0
0
0
14
9
0
0
46
0
0
0
14
9
28
19
0
0
0
0
0
9
28
35
0
0
0
0
14
0
28
35
0
0
0
0
14
9
0
0
0
0
26
9
14
9
28
19
0
0
0
9
0
9
28
35
0
0
0
9
14
0
28
35
0
0
0
0
14
9
11
0
0
0
0
9
14
9
28
19
0
0
0
9
0
9
28
35
0
0
0
9
14
0
28
35
0
0
0
0
14
9
0
0
0
0
0
9
14
9
28
19
0
0
0
9
0
9
28
35
0
0
0
9
14
0
28
35
0
0
0
0
14
9
0
0
0
0
0
9
14
9
28
19
0
0
0
9
0
9
28
35
0
0
0
9
14
0
28
35
0
0
0
0
14
9
0
0
0
0
0
9
14
9
28
19
0
0
0
9
0
9
28
35
0
0
0
40
14
0
28
35
0
0
0
0
14
9
0
0
0
0
0
53
14
9
28
19
0
0
0
9
0
9
28
35
0
0
0
9
14
0
28
35
0
0
0
0
14
9
0
0
28
0
0
9
14
9
28
19
0
0
0
9
0
9
28
35
0
0
0
9
14
0
28
35
0
0
0
0
14
9
0
0
0
0
45
9
14
9
28
19
0
0
0
9
0
9
28
35
0
0
0
9
14
0
28
35
0
0
0
0
14
0
0
0
0
0
0
77
14
0
28
19
0
0
0
9
0
0
28
35
0
0
0
9
14
0
28
35
0
0
0
0
0
9
0
0
0
0
0
9
0
62
28
19
0
0
0
9
0
9
28
35
0
0
0
9
0
0
28
35
0
0
0
0
14
9
0
0
0
0
0
9
14
9
28
19
0
0
0
9
0
9
28
35
0
0
0
9
14
0
28
35
0
0
0
0
14
9
0
0
0
0
0
9
14
9
28
19
0
0
0
9
0
9
28
35
0
0
0
9
14
0
28
35
0
0
0
0
38
9
0
0
0
0
0
9
14
9
28
19
0
0
0
9
0
9
28
35
0
0
0
9
14
0
28
35
0
0
0
0
14
9
0
0
0
0
0
9
14
9
28
19
0
0
0
9
0
37
28
35
0
0
0
9
14
0
28
35
0
0
0
