0
0
0
0
0
0
0
0
3
0
0
21
0
12
25
0
7
0
0
21
0
12
25
0
7
0
0
21
0
12
25
0
0
0
0
0
0
0
0
0
3
0
0
76
0
12
25
0
7
0
0
21
0
12
25
0
7
0
0
21
0
12
25
0
48
0
0
0
0
0
0
0
3
0
0
0
0
12
25
0
7
0
0
0
0
12
25
0
7
0
0
0
0
12
25
0
0
0
0
0
0
0
0
0
3
0
0
21
0
12
25
0
7
0
0
21
0
12
25
0
7
0
0
21
0
12
25
0
0
0
0
0
0
0
0
0
0
0
0
21
0
12
25
0
0
0
0
21
0
12
25
0
0
26
0
21
0
12
25
0
0
0
0
0
0
0
0
0
3
0
0
21
0
12
0
0
7
0
0
21
0
12
0
0
99
0
0
21
0
12
0
0
0
0
0
0
0
0
0
0
3
0
0
21
0
12
25
0
7
0
0
21
0
12
25
0
7
0
0
21
0
12
25
0
0
0
0
0
0
0
0
0
3
0
0
21
0
12
25
0
7
0
22
21
0
12
25
0
7
0
0
21
0
12
25
0
0
0
0
0
0
0
0
0
3
0
0
21
0
12
25
0
7
0
0
21
0
12
25
0
7
0
0
21
0
12
25
0
0
0
0
0
0
0
0
0
3
0
0
21
0
12
25
0
7
0
0
21
0
12
25
0
7
0
0
21
0
12
25
0
0
0
0
0
0
0
0
0
3
0
0
21
72
0
25
0
7
0
0
21
0
0
25
0
7
0
0
21
0
0
25
0
0
0
48
0
0
0
0
0
3
0
0
21
0
12
25
0
7
0
0
21
0
12
25
0
7
0
0
21
0
12
25
0
0
0
0
0
0
0
0
0
3
0
0
21
0
12
25
0
7
0
0
21
0
12
25
0
7
0
0
21
0
12
25
0
0
0
0
0
0
0
46
0
3
0
0
21
0
12
25
0
7
0
0
21
0
12
25
0
7
0
0
21
0
12
25
0
0
0
0
0
0
0
0
0
3
0
0
21
0
12
25
0
3
0
0
21
27
12
25
0
3
0
0
21
0
12
25
0
0
0
0
64
0
0
0
0
3
0
0
21
0
12
25
0
7
0
0
21
0
12
25
0
7
0
0
21
0
12
25
0
