0
7
0
0
0
0
0
16
11
0
0
0
0
0
11
0
0
0
0
7
0
0
5
0
0
16
11
0
0
0
0
278
11
0
0
0
0
7
0
0
0
0
0
16
11
0
0
0
0
0
11
0
0
0
0
7
0
0
0
0
0
16
11
0
33
0
0
0
11
0
0
0
256
0
0
0
0
0
0
0
11
0
0
0
0
0
11
0
0
0
0
7
0
0
45
0
0
16
11
0
0
0
0
0
11
0
0
0
0
7
0
0
0
0
0
16
11
0
0
0
0
0
11
0
77
0
0
7
0
0
0
0
0
16
11
0
0
0
0
0
11
0
0
0
38
7
0
0
0
0
0
16
11
0
0
0
0
0
11
0
0
0
58
7
0
0
0
0
0
16
11
0
0
0
0
0
11
0
0
0
73
7
0
0
0
0
0
16
11
0
0
0
0
0
11
0
0
0
104
7
0
0
0
0
0
16
11
0
0
0
0
0
11
0
0
0
139
7
0
0
0
0
0
16
11
0
0
0
0
0
11
0
0
0
167
7
0
0
0
0
0
16
11
0
0
0
0
0
11
0
0
0
0
7
0
0
0
0
0
16
11
0
0
0
0
0
11
0
116
0
0
7
0
0
0
0
172
16
11
0
0
0
0
0
11
0
0
0
0
7
0
0
0
0
0
16
11
0
0
0
186
0
11
0
0
0
0
7
0
0
107
0
0
16
11
0
0
0
0
0
11
0
0
0
0
7
0
0
146
0
0
16
11
0
0
0
0
0
11
0
0
0
0
7
0
0
162
0
0
16
11
0
0
0
0
0
11
0
0
0
0
7
0
0
0
0
0
16
11
0
0
0
0
0
11
0
0
0
0
7
0
0
0
0
0
16
11
0
0
0
211
0
11
0
0
0
0
7
28
0
0
0
0
16
11
0
0
0
0
0
11
0
0
0
0
7
0
0
0
0
0
16
11
0
0
0
0
0
54
0
0
0
0
7
0
0
0
0
0
16
77
0
0
0
0
0
11
0
0
0
0
7
0
0
0
0
0
16
11
0
0
0
0
0
11
0
189
0
0
7
0
0
0
0
0
16
11
0
0
0
0
0
11
0
0
0
0
7
0
0
0
0
0
16
11
0
0
0
0
41
11
0
0
0
0
68
0
0
0
0
0
16
11
0
0
0
0
0
11
0
0
0
0
94
0
0
0
0
0
16
11
0
0
0
0
0
11
0
0
0
0
7
0
18
0
0
0
16
11
0
0
0
0
0
11
0
0
0
0
7
0
0
0
0
0
16
11
0
0
0
0
0
110
0
0
0
0
7
0
0
0
0
0
16
11
0
0
0
0
0
11
52
0
0
0
7
0
0
197
0
0
16
11
0
0
0
0
0
11
0
0
0
0
7
0
0
0
0
0
16
11
75
0
0
0
0
11
0
0
0
0
7
0
0
0
0
0
16
138
0
0
0
0
0
11
0
0
0
0
106
0
0
0
0
0
16
11
0
0
0
0
0
11
0
0
0
0
7
0
0
0
0
0
16
11
0
0
0
0
0
148
0
0
0
0
7
0
0
0
0
0
16
11
0
0
0
0
0
156
0
0
0
0
7
0
0
0
0
0
16
11
0
0
0
0
0
191
0
0
0
0
7
0
0
0
0
0
130
11
0
0
0
0
0
11
0
0
0
240
7
0
0
0
0
0
16
11
0
0
0
0
0
11
0
0
0
0
7
0
0
0
0
0
16
11
0
0
0
0
162
11
0
0
0
0
173
0
0
0
0
0
16
11
0
0
0
0
0
11
0
0
0
0
209
0
0
0
0
0
16
11
0
0
0
0
0
11
0
0
0
0
7
0
0
224
0
0
16
11
0
0
0
0
0
11
0
0
0
0
7
0
0
0
0
0
16
11
0
0
0
0
0
11
110
0
0
0
7
0
0
0
0
0
16
11
0
271
0
0
0
11
0
0
0
0
7
0
0
0
0
0
16
11
115
0
0
0
0
11
0
0
0
0
7
0
0
0
0
0
16
11
0
0
0
0
0
11
155
0
0
0
7
0
0
0
0
0
16
11
0
0
0
0
0
11
194
0
0
0
7
0
231
0
0
0
16
11
0
0
0
0
0
11
0
0
0
0
7
0
237
0
0
0
16
11
0
0
0
0
0
11
0
0
0
0
7
0
0
0
0
0
16
193
0
0
0
0
0
11
0
0
0
0
7
0
0
0
0
0
16
0
260
0
0
0
0
0
0
0
0
0
7
0
0
0
0
0
16
223
0
0
0
0
0
11
0
0
0
0
7
0
0
0
0
0
16
11
0
0
0
0
0
11
0
0
0
0
7
0
0
0
0
0
16
251
0
0
0
0
0
11
0
0
0
0
7
0
0
0
0
0
16
11
0
0
20
0
0
11
0
0
0
0
7
0
0
0
33
0
16
11
0
0
0
0
0
11
0
0
0
0
7
0
0
0
0
0
7
11
0
0
0
0
0
11
0
0
258
248
7
0
0
0
0
0
16
11
0
0
0
0
0
11
0
0
0
0
7
0
0
0
55
0
16
11
0
0
0
0
0
11
0
0
0
0
7
0
0
0
0
0
16
11
0
0
0
0
0
11
0
0
83
0
7
0
0
0
109
0
16
11
0
0
0
0
0
11
0
0
0
0
7
0
0
0
139
0
16
11
0
0
0
0
0
11
0
0
0
0
7
0
0
0
143
0
16
11
0
0
0
0
0
11
0
0
0
0
7
0
0
0
168
0
16
11
0
0
0
0
0
11
0
0
0
0
7
0
0
0
0
0
16
11
0
0
0
0
0
279
0
0
0
0
7
0
0
0
0
0
16
11
0
0
0
0
0
11
0
0
178
0
7
0
0
0
0
0
16
11
0
0
187
0
0
11
0
0
0
0
7
276
0
0
0
0
16
11
0
0
0
0
0
11
0
0
0
0
7
0
0
0
207
0
16
11
0
0
0
0
0
11
0
0
0
0
7
0
0
0
0
0
16
11
0
0
221
0
0
11
0
0
0
0
7
0
0
0
224
0
16
11
0
0
0
0
0
11
0
0
0
0
7
0
0
0
0
0
16
11
0
0
0
0
242
11
0
0
0
0
7
0
0
0
235
0
16
11
0
0
0
0
0
11
0
0
0
0
7
0
0
0
282
0
16
11
0
0
0
0
0
11
0
0
0
