0
0
0
0
0
0
5
3
0
4
6
0
5
3
0
4
6
0
0
0
0
0
0
0
5
3
0
4
6
0
5
3
0
4
6
0
0
0
0
0
0
8
5
3
0
4
6
0
5
3
0
4
6
0
1
0
0
0
0
0
5
3
0
4
6
0
5
3
0
4
6
0
0
0
0
0
0
0
0
3
0
4
6
74
0
3
0
4
6
0
0
0
0
0
0
0
5
3
0
4
6
0
5
3
0
4
6
0
0
0
0
0
0
17
5
3
0
4
6
0
5
3
0
4
6
0
0
0
0
0
0
0
16
3
0
4
6
0
5
3
0
4
6
0
0
0
0
0
0
25
5
3
0
4
6
0
5
3
0
4
6
0
0
0
0
0
0
28
5
3
0
4
6
0
5
3
0
4
6
0
0
0
0
0
0
0
5
3
0
8
6
0
5
3
0
4
6
0
15
0
0
0
0
0
5
3
0
4
6
0
5
3
0
4
6
0
0
0
0
0
0
0
29
3
0
4
6
0
5
3
0
4
6
0
0
0
0
0
0
0
5
3
0
4
6
0
5
3
0
4
6
0
0
0
0
0
0
0
5
3
0
4
6
0
5
3
0
4
6
0
0
0
0
0
10
0
5
3
0
4
6
0
5
3
0
4
6
0
0
0
0
0
0
0
5
3
0
4
6
0
5
3
0
4
6
34
0
0
0
0
0
0
5
3
0
4
6
0
35
3
0
4
6
0
0
0
0
0
0
0
5
3
0
18
6
0
5
3
0
4
6
0
0
0
0
0
0
0
5
3
0
4
6
0
5
3
3
4
6
0
0
0
0
20
0
0
5
3
0
4
6
0
5
3
0
4
6
0
0
0
0
0
0
0
5
3
0
4
6
0
5
3
0
29
6
0
0
0
0
0
0
0
5
3
0
4
19
0
5
3
0
4
6
0
0
0
4
0
0
0
5
3
0
4
6
0
5
3
0
4
6
0
0
0
0
0
0
42
5
3
0
4
6
0
5
3
0
4
6
0
0
0
0
0
0
0
5
3
0
4
6
0
41
3
0
4
6
0
0
0
0
0
0
0
5
3
0
0
82
0
5
3
0
0
6
0
0
0
0
0
0
0
5
3
0
4
6
0
5
3
12
4
6
0
0
0
0
0
0
0
42
3
0
4
6
0
5
3
0
4
6
0
0
0
0
0
16
0
5
3
0
4
6
0
5
3
0
4
6
0
0
0
0
0
0
0
5
3
0
4
6
0
5
3
0
35
6
0
0
0
0
0
0
0
5
3
0
4
6
0
5
3
0
4
32
0
0
0
0
0
0
0
5
3
0
4
6
0
5
3
0
36
6
0
44
0
0
0
0
0
5
3
0
4
6
0
5
3
0
4
6
0
46
0
0
0
0
0
5
3
0
4
6
0
5
3
0
4
6
0
47
0
0
0
0
0
5
3
0
4
6
0
5
3
0
4
6
0
0
0
17
0
0
0
5
3
0
4
6
0
5
3
0
4
6
0
0
0
0
0
0
0
5
3
0
37
6
0
5
3
0
4
6
0
0
0
0
0
0
0
5
3
0
4
35
0
5
3
0
4
6
0
0
0
0
0
0
0
5
3
0
4
6
0
54
3
0
4
6
0
0
0
0
0
0
0
5
3
19
4
6
0
5
3
0
4
6
0
0
0
0
0
0
0
5
3
0
4
6
0
5
3
29
4
6
0
0
0
0
36
0
0
5
3
0
4
6
0
5
3
0
4
6
0
0
0
0
0
0
0
5
3
0
4
6
0
5
3
37
4
6
0
0
0
0
0
0
0
5
3
0
4
6
0
5
3
0
4
36
0
0
0
0
0
0
0
5
3
0
4
6
0
63
3
0
4
6
0
0
0
0
0
0
0
5
3
0
4
6
0
5
3
0
4
6
44
0
0
0
0
0
0
5
3
0
4
6
0
5
3
0
47
6
0
66
0
0
0
0
0
5
3
0
4
6
0
5
3
0
4
6
0
0
0
0
0
0
0
5
3
0
4
6
0
5
3
0
4
6
51
0
0
0
0
0
0
5
3
0
4
6
0
5
3
0
4
6
57
0
0
0
0
0
60
5
3
0
4
6
0
5
3
0
4
6
0
0
0
0
0
0
0
5
3
41
4
6
0
5
3
0
4
6
0
71
0
0
0
0
0
5
3
0
4
6
0
5
3
0
4
6
0
0
0
0
0
0
0
5
3
0
4
6
0
5
3
0
4
41
0
0
0
0
0
0
0
5
3
0
4
6
0
5
3
0
4
46
0
0
0
0
0
0
0
5
3
0
4
6
0
5
3
0
4
51
0
0
0
0
53
0
0
5
3
0
4
6
0
5
3
0
4
6
0
0
0
0
0
0
0
5
3
0
4
6
0
5
3
0
4
6
0
0
0
0
0
0
0
5
12
0
4
6
0
5
3
0
4
6
0
0
0
0
0
0
0
5
3
0
4
6
0
5
21
0
4
6
0
0
0
0
0
0
0
5
3
0
64
6
0
5
3
0
4
6
0
0
0
50
0
0
0
5
3
0
4
6
0
5
3
0
4
6
0
0
21
0
0
0
0
5
3
0
4
6
0
5
3
0
4
6
0
0
0
0
0
0
0
5
3
0
4
6
0
5
26
0
4
6
0
0
0
0
0
0
0
5
3
0
4
6
0
5
3
0
4
6
64
0
0
0
0
0
67
5
3
0
4
6
0
5
3
0
4
6
0
0
0
0
67
0
0
5
3
0
4
6
0
5
3
0
4
6
0
0
0
0
0
0
0
5
3
0
4
6
0
5
3
0
4
57
0
0
0
0
0
0
0
5
3
0
4
6
0
5
3
0
4
64
0
0
0
0
0
0
0
5
3
0
4
6
0
5
3
52
4
6
0
0
0
0
0
0
0
5
3
0
4
6
74
5
3
0
4
6
0
0
0
0
0
0
0
5
30
0
4
6
0
5
3
0
4
6
0
0
0
0
0
0
0
5
36
0
4
6
0
5
3
0
4
6
0
0
0
0
0
0
0
5
3
0
4
6
0
5
3
56
4
6
0
0
0
0
0
0
0
5
3
0
4
6
0
5
3
0
4
65
0
0
39
0
0
0
0
5
3
0
4
6
0
5
3
0
4
6
0
0
0
0
0
0
0
5
46
0
4
6
0
5
3
0
4
6
0
0
0
0
0
0
0
5
3
0
4
6
0
5
52
0
4
6
0
0
0
0
0
0
0
5
3
0
4
6
0
5
3
61
4
6
0
0
52
0
0
0
0
5
3
0
4
6
0
5
3
0
4
6
0
0
0
0
0
0
0
5
62
0
4
6
0
5
3
0
4
6
0
0
0
0
0
0
0
5
3
75
4
0
0
5
3
0
4
0
0
0
0
0
0
0
0
5
0
0
4
6
0
5
0
0
4
78
0
0
0
0
0
0
0
5
68
0
4
6
0
5
3
0
4
6
0
0
0
0
0
0
0
5
77
0
4
6
0
5
3
0
4
6
0
0
0
70
0
0
0
5
3
0
4
6
0
5
3
0
4
6
0
