18
0
0
0
9
0
0
29
0
9
0
0
0
23
0
0
9
0
9
0
23
29
0
9
0
9
0
23
0
0
0
0
9
0
0
0
0
9
0
0
0
23
0
53
9
0
9
0
23
0
0
9
0
9
0
23
18
0
0
0
9
0
0
29
0
9
0
0
0
23
0
0
9
0
9
0
23
29
0
9
0
9
0
23
18
0
0
0
9
0
0
18
0
9
0
46
0
23
0
0
9
0
9
0
23
18
0
9
0
9
0
23
18
0
0
0
9
0
0
29
0
9
58
0
0
0
0
0
9
0
9
0
0
29
0
9
0
9
0
0
18
0
0
0
0
0
0
29
0
9
0
0
44
23
0
0
9
0
0
0
23
29
0
9
0
0
0
23
18
0
0
0
9
0
0
29
0
9
0
0
0
23
0
0
9
0
9
0
23
29
0
9
0
9
0
23
18
0
0
0
9
0
0
29
0
9
0
0
0
23
0
0
9
0
9
0
23
29
0
9
0
9
0
23
18
0
0
0
9
0
0
29
0
9
0
0
0
23
0
0
9
0
9
0
23
29
0
9
0
9
0
23
18
0
0
0
9
0
44
29
0
0
0
0
0
23
0
0
0
0
9
0
23
29
0
0
0
9
0
23
18
0
0
0
9
0
0
29
0
9
0
0
0
23
0
0
9
0
9
0
23
29
0
9
0
9
0
23
18
0
0
0
9
0
0
29
0
9
0
0
0
23
0
0
9
0
9
0
23
29
0
9
0
9
0
23
