0
0
0
0
0
0
0
0
5
0
0
0
1
0
0
5
0
15
0
1
0
0
5
0
0
0
1
0
0
0
0
0
0
0
0
0
5
0
0
0
1
4
0
5
0
0
0
1
4
0
5
0
0
0
1
4
0
0
0
0
0
0
5
0
5
0
0
0
1
4
0
5
0
0
0
1
4
0
5
0
0
0
1
4
0
0
0
0
0
0
10
0
5
0
0
0
1
4
0
5
0
0
0
1
4
0
5
0
0
0
1
4
0
0
0
0
0
0
0
0
5
0
0
0
1
4
0
5
0
0
0
1
4
0
5
0
0
0
1
4
0
0
0
0
9
0
0
0
5
0
0
0
1
4
0
5
0
0
0
1
4
0
5
0
0
0
1
4
0
0
0
0
0
0
0
0
5
0
0
0
1
4
0
5
0
0
19
1
4
0
5
0
0
0
1
4
0
0
0
0
0
0
0
0
5
0
0
0
1
4
0
5
0
0
0
1
4
0
5
0
0
0
1
4
0
0
0
2
0
0
0
0
5
0
0
0
1
4
0
5
0
0
0
1
4
0
5
0
0
0
1
4
0
0
0
0
0
0
13
0
5
0
0
0
1
4
0
5
0
0
0
1
4
0
5
0
0
0
1
4
0
0
0
8
0
0
0
0
5
0
0
0
1
4
0
5
0
0
0
1
4
0
5
0
0
0
1
4
0
0
0
0
0
0
0
0
5
0
18
0
1
4
0
5
0
0
0
1
4
0
5
0
0
0
1
4
0
0
0
0
0
0
0
0
5
0
0
0
1
4
0
5
0
0
0
1
4
0
5
0
0
0
1
4
0
0
0
0
0
3
0
0
5
0
0
0
1
4
0
5
0
0
0
1
4
0
5
0
0
0
1
4
0
0
0
0
0
0
0
0
5
0
0
0
1
4
0
5
0
0
0
1
4
0
5
0
0
0
1
4
0
0
0
0
0
0
0
0
5
0
0
0
1
4
10
5
0
0
0
1
4
0
5
0
0
0
1
4
0
0
0
0
0
5
0
0
5
0
0
0
1
4
0
5
0
0
0
1
4
0
5
0
0
0
1
4
0
0
0
0
0
8
0
0
5
0
0
0
1
4
0
5
0
0
0
1
4
0
5
0
0
0
1
4
0
0
0
0
0
0
0
0
0
0
0
0
1
4
16
0
0
0
0
1
4
0
0
0
0
0
1
4
0
0
0
0
0
0
0
0
5
0
0
0
0
4
0
5
0
0
0
0
4
0
17
0
0
0
0
4
0
0
0
0
0
0
0
0
5
0
0
0
1
4
0
5
0
0
0
1
4
0
5
0
0
0
1
4
0
0
0
0
0
12
0
0
5
0
0
0
1
4
0
5
0
0
0
1
4
0
5
0
0
0
1
4
0
0
0
0
0
0
0
0
5
0
0
20
1
4
0
5
0
0
0
1
4
0
5
0
0
0
1
4
0
0
0
0
0
0
0
0
5
0
0
0
1
4
0
5
0
0
0
1
4
0
5
0
0
0
1
4
0
0
0
0
0
0
0
0
5
3
0
0
1
4
0
5
0
0
0
1
4
0
5
0
0
0
1
4
0
0
0
0
0
0
0
0
5
0
0
0
1
4
0
5
12
0
0
1
4
0
5
0
0
0
1
4
0
0
0
0
0
0
0
0
5
0
0
0
1
4
0
5
13
0
0
1
4
0
5
0
0
0
1
4
