0
4
5
0
0
9
0
5
4
5
0
0
9
0
5
4
4
0
0
0
0
5
0
0
0
0
9
0
0
4
5
0
0
9
0
5
4
5
0
0
9
0
5
4
4
0
0
0
0
5
0
0
0
0
9
0
0
4
5
0
0
9
0
6
4
5
0
0
9
0
5
4
4
0
0
0
0
5
0
0
0
0
9
0
8
4
5
0
0
9
0
5
4
5
0
0
9
0
5
4
4
0
0
0
0
5
0
0
0
0
9
0
0
4
5
0
0
9
0
5
4
5
0
0
9
0
5
4
4
0
0
0
0
5
0
0
0
1
9
0
0
4
5
0
0
9
0
5
4
5
0
0
9
0
5
4
4
0
0
0
0
5
0
0
0
0
9
0
0
4
5
0
0
9
0
21
4
5
0
0
9
0
5
4
4
0
0
0
0
5
0
0
0
0
9
0
0
4
5
0
0
9
0
5
4
5
0
0
9
0
5
4
4
0
0
0
0
5
0
0
0
9
9
0
0
4
5
0
0
9
0
5
4
5
0
0
9
0
5
4
4
0
0
0
0
5
0
0
0
0
9
0
0
4
5
0
0
0
81
5
4
5
0
0
0
0
5
4
4
0
0
0
0
5
0
0
0
0
0
0
0
4
5
0
0
9
0
5
4
5
0
0
9
0
30
4
4
0
0
0
0
5
0
0
0
0
9
0
0
4
5
0
0
17
0
5
4
5
0
0
9
0
5
4
4
0
0
0
0
5
0
0
0
0
9
0
0
4
5
0
0
9
0
5
4
5
0
0
9
0
5
4
4
0
0
0
0
5
0
0
8
0
9
0
0
4
5
0
0
9
0
5
4
5
0
0
9
0
5
4
4
0
0
0
0
5
0
0
0
0
9
0
0
4
5
0
0
9
0
5
4
5
0
0
9
0
5
4
4
0
12
0
0
5
0
0
0
0
9
0
0
4
5
13
0
9
0
5
4
5
0
0
9
0
5
4
4
0
0
0
0
5
0
0
0
0
9
0
0
4
5
0
0
9
0
5
4
5
0
0
9
0
5
4
4
0
19
0
0
5
0
0
0
0
9
0
0
4
5
21
0
9
0
5
4
5
0
0
9
0
5
4
4
0
0
0
0
5
0
0
0
0
9
0
0
4
5
0
0
9
0
5
4
5
0
0
9
0
5
4
4
0
0
14
0
5
0
0
0
0
9
0
0
4
5
0
0
9
0
5
4
5
31
0
9
0
5
4
4
0
0
0
0
5
0
0
0
0
9
0
0
4
5
0
0
9
0
5
4
5
0
25
9
0
5
4
4
0
0
0
0
5
0
0
0
0
9
0
0
4
5
0
0
9
0
5
4
5
0
0
9
0
5
4
4
0
29
0
0
5
0
0
0
0
9
0
0
4
5
0
0
9
0
0
4
5
0
0
9
0
0
4
85
0
0
0
0
0
0
0
0
0
9
0
0
4
5
0
0
9
0
5
4
5
0
0
9
0
5
4
4
0
0
0
0
5
0
0
0
36
9
0
0
4
5
0
0
9
0
5
4
5
0
0
9
0
5
4
4
0
0
0
0
5
0
0
0
0
9
0
0
4
5
0
0
9
0
5
4
5
0
0
9
0
5
4
4
0
0
0
0
5
0
0
0
0
9
9
0
4
5
0
0
9
0
5
4
5
0
0
9
19
5
4
4
0
0
0
0
5
0
0
0
0
9
0
0
4
5
0
0
28
0
5
4
5
0
0
9
0
5
4
4
0
0
0
0
5
0
0
0
0
9
0
0
4
5
0
0
9
0
5
4
5
41
0
9
0
5
4
4
0
0
0
0
5
0
0
0
0
9
0
0
4
5
0
0
9
0
5
4
5
0
0
9
0
5
4
4
0
0
29
0
5
0
0
0
0
9
0
0
4
5
0
0
9
0
5
4
5
0
0
9
23
5
4
4
0
0
0
0
5
0
0
0
0
9
0
0
4
5
49
0
9
0
5
4
5
0
0
9
0
5
4
4
0
0
0
0
5
0
0
0
0
9
0
0
4
5
0
0
9
0
5
4
5
0
0
9
0
5
4
4
0
0
0
33
5
0
0
0
0
9
0
0
4
5
0
0
45
0
5
4
5
0
0
9
0
5
4
4
0
0
0
0
5
0
0
0
0
9
0
0
4
7
0
0
9
0
5
4
5
0
0
9
0
5
4
4
0
0
0
0
5
0
0
0
0
9
0
0
4
0
0
0
9
77
5
4
0
0
0
9
0
5
4
0
0
0
0
0
5
0
0
0
0
9
0
0
4
5
0
0
54
0
5
4
5
0
0
9
0
5
4
4
0
0
0
0
5
0
0
0
0
9
0
0
4
5
0
0
9
0
5
4
5
0
0
9
0
5
4
4
0
0
0
0
35
0
0
0
0
9
0
0
4
5
0
0
9
0
5
4
5
0
0
9
40
5
4
4
0
0
0
0
5
0
0
0
0
9
0
0
4
5
0
0
9
0
5
4
12
0
0
9
0
5
4
4
0
0
0
0
5
0
0
0
0
9
0
0
4
5
0
0
9
0
5
4
5
0
0
9
0
5
4
4
0
0
0
0
40
0
0
0
0
9
0
0
4
5
0
0
61
0
5
4
5
0
0
9
0
5
4
4
0
0
0
0
5
0
0
0
0
9
0
0
4
5
0
0
9
0
5
4
5
0
0
9
0
5
4
4
0
40
0
0
5
0
0
0
0
9
0
0
4
5
0
0
9
0
5
4
5
0
0
9
0
5
4
15
0
0
0
0
5
0
0
0
0
9
0
0
4
5
0
0
9
0
5
4
5
0
0
9
0
5
4
4
0
0
0
0
5
0
0
0
0
63
0
0
4
4
79
0
9
0
5
4
4
0
0
9
0
5
4
4
0
0
0
0
5
0
0
0
0
9
0
0
4
5
0
0
9
0
5
4
5
0
0
9
47
5
4
4
0
0
0
0
5
0
0
0
0
9
0
0
4
5
0
0
9
0
5
4
5
0
50
9
0
5
4
4
0
0
0
0
5
0
0
0
0
9
0
40
4
5
0
0
9
0
5
4
5
0
0
9
0
5
4
4
0
0
0
0
5
0
0
0
0
9
0
0
4
5
0
0
9
0
5
4
5
0
0
9
0
5
4
4
0
0
0
0
5
0
18
0
0
9
0
0
4
5
0
0
9
0
5
4
5
0
0
9
56
5
4
4
0
0
0
0
5
0
0
0
0
9
0
0
4
5
0
0
9
0
5
4
28
0
0
9
0
5
4
4
0
0
0
0
5
0
0
0
0
9
0
44
4
5
0
0
9
0
5
4
5
0
0
9
0
5
4
4
0
0
0
0
5
0
0
0
0
9
0
0
4
5
0
0
9
0
5
4
5
51
0
9
0
5
4
4
0
0
0
0
5
0
0
0
0
9
0
0
4
34
0
0
9
0
5
4
5
0
0
9
0
5
4
4
0
0
0
0
5
0
0
0
0
9
0
0
4
5
0
0
9
0
5
4
5
0
0
9
0
5
4
4
0
0
0
0
5
0
0
0
0
70
0
0
4
5
0
0
9
61
5
4
5
0
0
9
0
5
4
4
0
0
0
0
5
0
0
0
0
9
0
0
4
5
0
0
9
0
5
4
5
0
0
9
0
5
4
4
0
0
0
0
5
0
31
0
0
9
0
0
4
43
0
0
9
0
5
4
5
0
0
9
0
5
4
4
0
0
0
0
5
0
0
0
0
9
0
0
4
5
0
0
9
0
5
4
5
0
0
9
0
5
4
4
0
52
0
0
5
0
0
0
0
9
0
0
4
5
0
0
9
0
5
4
5
0
59
9
0
5
4
4
0
0
0
0
5
0
0
0
0
9
0
0
4
5
0
0
9
0
5
4
5
0
0
9
0
5
4
4
0
0
0
0
5
0
0
0
0
9
68
0
4
5
58
0
9
0
5
4
5
0
0
9
0
5
4
4
0
0
0
0
5
0
0
0
0
9
0
0
4
5
0
0
9
0
5
4
5
0
0
9
0
5
4
4
0
65
0
0
5
0
0
0
0
9
0
0
4
5
0
0
9
0
5
4
5
0
0
9
0
5
4
4
0
0
0
0
5
0
0
0
0
9
0
0
4
5
0
0
9
0
5
4
5
0
0
9
0
5
4
4
0
0
0
0
5
4
0
0
0
9
0
0
4
5
0
0
9
0
5
4
5
0
0
9
0
5
4
4
0
0
0
0
55
0
0
0
0
9
0
0
4
47
0
0
9
0
5
4
5
0
0
9
0
5
4
4
0
0
0
0
5
0
0
0
0
9
0
0
10
5
0
0
9
0
5
4
5
0
0
9
0
5
4
4
0
0
0
0
5
0
0
0
0
9
0
0
4
5
0
0
9
0
5
4
5
0
71
9
0
5
4
4
0
0
0
0
5
0
0
0
0
9
0
0
4
5
0
0
9
0
5
4
5
0
0
9
0
5
4
4
0
0
0
0
5
12
0
0
0
9
0
0
23
5
0
0
9
0
5
4
5
0
0
9
0
5
4
4
0
0
0
0
5
0
0
0
0
9
0
0
4
5
0
0
9
0
5
4
5
0
0
9
0
5
4
4
0
0
0
0
5
0
0
66
0
9
0
0
4
5
0
0
9
0
5
4
5
0
0
9
0
5
4
4
0
0
0
0
5
29
0
0
0
9
0
0
4
5
0
0
9
0
5
4
5
0
0
9
0
5
4
4
0
0
0
0
5
35
0
0
0
9
0
0
4
5
69
0
9
0
5
4
5
0
0
9
0
5
4
4
0
0
0
0
5
0
0
0
0
9
0
0
4
5
0
0
9
0
5
4
5
0
0
9
0
5
4
4
0
0
0
0
5
0
52
0
0
9
0
0
4
5
0
0
9
0
5
4
5
0
0
9
0
5
4
62
0
0
0
0
5
0
0
0
0
9
0
0
4
5
0
0
9
0
5
48
5
0
0
9
0
5
4
4
0
0
0
0
5
0
0
0
0
9
0
0
0
5
0
0
9
0
5
0
5
0
0
9
0
5
0
80
0
0
0
0
5
0
0
0
0
9
0
56
4
5
0
0
9
0
5
4
5
0
0
9
0
5
4
4
0
0
0
0
5
0
0
0
0
9
0
0
4
5
0
0
9
0
5
4
5
0
0
9
0
70
4
4
0
0
0
0
5
0
0
0
0
9
0
0
4
5
72
0
9
0
5
4
5
0
0
9
0
5
4
4
0
0
0
0
5
0
0
0
0
9
0
67
4
5
0
0
9
0
5
4
5
0
0
9
0
5
4
4
0
0
0
0
5
0
0
0
0
9
0
0
4
5
0
0
9
0
5
4
5
0
0
9
0
5
54
4
0
0
0
0
5
0
0
0
0
9
0
0
4
5
0
0
9
0
5
4
5
0
0
78
0
5
4
4
0
0
0
0
5
0
0
0
0
9
0
0
4
5
0
0
9
0
5
4
5
0
0
9
0
5
4
4
0
0
0
0
5
53
0
0
0
9
0
0
4
5
0
0
9
0
5
4
5
0
0
9
0
5
4
4
0
0
0
0
5
61
0
0
0
9
0
0
4
5
0
0
9
0
5
4
5
0
0
9
0
5
4
68
0
0
0
0
5
0
0
0
0
9
0
0
4
5
0
0
80
0
5
4
5
0
0
9
0
5
4
4
0
0
0
0
5
0
0
0
0
9
0
0
73
5
0
0
9
0
5
4
5
0
0
9
0
5
4
4
0
0
0
0
5
0
0
0
0
9
0
0
4
5
0
0
9
0
5
4
71
0
0
9
0
5
4
4
0
0
0
0
5
0
0
0
0
9
0
0
4
5
0
0
9
0
5
4
5
0
0
9
0
5
4
4
0
0
0
0
5
0
0
0
72
9
0
0
4
5
0
0
9
0
5
4
5
0
0
9
0
5
76
4
0
0
0
0
5
0
0
0
0
9
0
0
4
5
0
0
9
73
5
4
5
0
0
9
0
5
4
4
0
0
0
0
5
0
0
0
0
9
0
