0
0
0
0
0
1
0
3
3
0
1
0
3
3
0
0
0
0
0
6
1
0
3
3
0
1
0
3
3
0
0
0
0
0
0
1
0
3
3
0
1
0
3
3
9
0
0
0
0
17
1
0
3
3
0
1
0
3
3
0
0
0
0
0
23
1
0
3
3
0
1
0
3
3
0
0
0
0
0
32
1
0
3
3
0
1
0
3
3
0
0
0
0
0
45
0
0
3
3
0
0
0
3
3
0
0
0
0
0
40
1
0
3
3
0
1
0
3
3
0
0
0
0
0
0
1
0
3
3
0
1
0
3
3
0
0
0
0
0
41
1
0
3
3
0
1
0
3
3
0
8
0
0
0
0
1
0
3
3
0
1
0
3
3
0
0
0
0
0
0
16
0
3
3
0
1
0
3
3
0
0
0
0
0
44
1
0
3
3
0
1
0
3
3
0
0
0
0
0
0
18
0
3
3
0
1
0
3
3
0
0
0
0
0
0
1
0
3
3
0
20
0
3
3
0
0
0
0
0
0
1
0
3
3
0
23
0
3
3
0
0
0
0
0
0
1
0
3
3
0
26
0
3
3
0
31
0
0
0
0
1
0
3
3
0
1
0
3
3
0
0
0
0
0
45
1
0
3
3
0
1
0
3
3
0
33
0
0
0
0
1
0
3
3
0
1
0
3
3
0
0
0
0
0
0
52
0
3
0
0
1
0
3
0
0
0
0
0
0
46
1
0
3
3
0
1
0
3
3
0
0
0
0
0
0
1
0
3
3
0
41
0
3
3
0
0
0
0
0
0
1
0
3
3
0
1
0
3
3
0
47
0
0
0
0
1
0
0
3
0
1
0
0
3
0
0
0
0
0
0
1
0
3
3
0
1
0
3
3
0
0
0
5
0
0
1
0
3
3
0
1
0
3
3
0
0
0
8
0
0
1
0
3
3
0
1
0
3
3
0
0
0
17
0
0
1
0
3
3
0
1
0
3
3
0
0
0
24
0
0
1
0
3
3
0
1
0
3
3
0
0
0
0
5
0
1
0
3
3
0
1
0
3
3
0
0
0
31
0
0
1
0
3
3
0
1
0
3
3
0
0
0
36
0
0
1
0
3
3
0
1
0
3
3
0
0
0
0
10
0
1
0
3
3
0
1
0
3
3
0
0
0
0
0
0
1
0
49
3
0
1
0
3
3
0
0
0
0
0
0
1
0
3
3
0
1
0
3
3
0
0
8
0
0
0
1
0
3
3
0
1
0
3
3
0
0
0
0
15
0
1
0
3
3
0
1
0
3
3
0
0
0
0
0
47
1
0
3
3
0
1
0
3
3
0
0
0
0
0
0
1
15
3
3
0
1
0
3
3
0
0
0
0
25
0
1
0
3
3
0
1
0
3
3
0
0
0
0
0
0
1
23
3
3
0
1
0
3
3
0
0
0
0
0
48
1
0
3
3
0
1
0
3
3
0
0
27
0
0
0
1
0
3
3
0
1
0
3
3
0
0
0
0
31
0
1
0
3
3
0
1
0
3
3
0
0
0
0
0
0
1
0
3
3
0
1
30
3
3
0
0
35
0
0
0
1
0
3
3
0
1
0
3
3
0
0
0
0
0
0
1
0
3
44
0
1
0
3
3
0
0
0
0
0
0
1
39
3
3
0
1
0
3
3
0
0
0
0
0
0
1
0
3
3
0
1
44
3
3
0
0
0
0
0
0
1
47
3
3
0
1
0
3
3
0
