0
5
0
0
0
3
5
0
0
0
3
0
0
0
0
8
5
0
0
0
3
5
0
0
0
3
0
0
0
0
0
5
0
0
0
0
5
14
0
0
0
0
0
0
0
0
5
0
0
0
3
5
0
0
0
3
0
0
0
0
16
0
0
0
0
3
0
0
0
0
3
0
0
0
0
0
5
0
0
0
3
5
0
0
0
3
0
0
0
0
0
5
0
0
0
3
5
0
0
0
3
0
0
0
0
0
5
0
0
0
3
5
0
0
0
3
0
0
2
0
0
5
0
0
0
3
5
0
0
0
3
0
6
0
0
0
5
0
0
0
3
5
0
0
0
3
0
0
0
0
0
5
0
0
0
3
5
0
0
0
3
0
0
0
5
0
5
0
0
0
3
5
0
0
7
3
0
0
0
0
0
5
0
0
0
3
5
0
0
0
3
0
0
0
11
0
5
0
0
0
3
5
0
12
0
3
0
0
0
0
0
5
0
0
0
15
5
0
0
0
3
0
0
0
0
0
5
0
0
13
3
5
0
0
0
3
0
0
0
0
0
5
0
0
17
3
5
0
0
0
3
0
0
0
0
0
5
0
0
0
3
5
0
0
0
3
8
0
0
0
