0
30
34
30
78
0
11
0
16
0
81
0
47
0
58
0
20
0
81
0
60
0
52
0
43
0
89
0
60
0
21
0
0
83
0
66
46
0
4
0
68
0
53
0
87
0
84
0
0
69
61
0
11
0
51
0
50
0
75
0
80
0
59
0
18
0
22
0
13
0
29
0
85
0
52
0
21
0
41
0
50
0
48
0
0
26
0
28
0
58
0
44
0
7
0
89
0
60
0
75
0
80
0
74
0
29
0
54
0
62
0
64
0
80
0
68
0
13
0
34
0
68
0
29
0
32
0
22
0
55
0
56
0
20
0
57
0
61
0
19
0
82
0
52
0
28
0
30
0
50
26
0
