1885
30
1851
0
156
0
250
0
234
0
261
0
604
0
546
0
526
0
445
0
385
0
1631
0
342
0
651
0
1791
0
1729
0
0
1083
0
311
1683
0
1527
0
1459
0
1406
0
1319
0
1235
0
0
1014
1174
0
1163
0
1112
0
1062
0
987
0
907
0
0
1884
889
0
867
0
854
0
825
0
740
0
1579
0
135
0
1750
0
85
0
1531
0
0
285
0
257
0
1737
0
1302
0
250
0
1795
0
954
0
1662
0
1582
0
1508
0
221
0
900
0
838
0
774
0
1428
0
1234
0
208
0
740
0
1166
0
179
0
708
0
157
0
653
0
597
0
137
0
540
0
479
0
118
0
1346
0
427
0
90
0
60
0
377
59
0
