0
0
0
30
0
94
0
172
0
183
0
199
0
280
0
327
0
385
0
405
0
486
0
546
0
598
0
641
0
730
0
790
0
811
0
894
0
960
0
1006
0
1010
0
1078
0
1131
0
1218
0
1302
0
1371
0
1432
0
1443
0
1494
0
1544
0
1619
0
1699
0
1758
0
1776
0
1798
0
1811
0
1837
0
0
52
0
73
0
114
0
164
0
212
0
238
0
266
0
324
0
368
0
375
0
464
0
524
0
599
0
679
0
753
0
782
0
836
0
898
0
962
0
1042
0
1110
0
1123
0
1157
0
1225
0
1254
0
1286
0
1308
0
1363
0
1419
0
1439
0
1496
0
1557
0
1576
0
1658
0
1710
0
1738
0
1768
0
1818
0
